scene=Streaming terrain | 6261506 triangles | 0 queued chunks; mesh=true; streamedReference=false; entities=true; coverage=true; clouds=true; distant=true; faceLight=true; smoothLight=true; origin=BlockPos{x=-32, y=254, z=-33}
quality=AA=2x, scale=0.5, lensing=true, fine=false, adaptive=true, fastBounds=true, fastFetch=true, emptyCells=true, emptyReach=1024.0, angularCap=0.08, curveFactor=4.0, program=native-quads-selective-16.0; separateMoving=true; profileExperiment=0
width=1280 height=720 camera=(16.5, 303.6199998855591, -45.5) yaw=0.281 pitch=0.91
RGB_mean_abs_255=5.718315972222223E-4 RGB_RMSE_255=0.0923056172049816 changedPixels=249 pixelsMaxErrorAbove16=8
maxChannelErrorHistogram=[921351, 177, 29, 7, 1, 3, 4, 0, 3, 13, 4, 0, 0, 0, 0, 0, 0, 0, 0, 0, 0, 0, 0, 0, 0, 0, 0, 0, 0, 0, 0, 0, 0, 0, 0, 0, 8, 0, 0, 0, 0, 0, 0, 0, 0, 0, 0, 0, 0, 0, 0, 0, 0, 0, 0, 0, 0, 0, 0, 0, 0, 0, 0, 0, 0, 0, 0, 0, 0, 0, 0, 0, 0, 0, 0, 0, 0, 0, 0, 0, 0, 0, 0, 0, 0, 0, 0, 0, 0, 0, 0, 0, 0, 0, 0, 0, 0, 0, 0, 0, 0, 0, 0, 0, 0, 0, 0, 0, 0, 0, 0, 0, 0, 0, 0, 0, 0, 0, 0, 0, 0, 0, 0, 0, 0, 0, 0, 0, 0, 0, 0, 0, 0, 0, 0, 0, 0, 0, 0, 0, 0, 0, 0, 0, 0, 0, 0, 0, 0, 0, 0, 0, 0, 0, 0, 0, 0, 0, 0, 0, 0, 0, 0, 0, 0, 0, 0, 0, 0, 0, 0, 0, 0, 0, 0, 0, 0, 0, 0, 0, 0, 0, 0, 0, 0, 0, 0, 0, 0, 0, 0, 0, 0, 0, 0, 0, 0, 0, 0, 0, 0, 0, 0, 0, 0, 0, 0, 0, 0, 0, 0, 0, 0, 0, 0, 0, 0, 0, 0, 0, 0, 0, 0, 0, 0, 0, 0, 0, 0, 0, 0, 0, 0, 0, 0, 0, 0, 0, 0, 0, 0, 0, 0, 0, 0, 0, 0, 0, 0, 0, 0, 0, 0, 0, 0, 0]
OpenGL_wall_ms=[6.7369, 4.2996, 4.5066, 4.3365, 4.0632, 4.2947, 4.4061, 3.9724, 4.4111, 4.0729, 4.4455, 4.0567, 4.5065, 4.4232, 4.5895, 4.3382]
RTX_wall_ms=[1.2738, 1.2246, 1.3238, 1.2211, 1.2731, 1.2436, 1.2543, 1.2286, 1.5631, 1.3175, 1.3336, 1.252, 1.2936, 1.2386, 1.4649, 1.3628]
RTX_Vulkan_gpu_ms=[0.808832, 0.80576, 0.807872, 0.80704, 0.786848, 0.828096, 0.835488, 0.82208, 0.791968, 0.830528, 0.838304, 0.827712, 0.796448, 0.787968, 0.806944, 0.828768]
OpenGL_GLtimeline_ms=[4.232416, 4.144928, 4.275872, 4.227776, 3.944096, 4.188672, 4.172992, 3.862784, 4.013344, 3.978368, 4.351648, 3.961504, 4.282272, 4.127296, 4.118336, 4.241184]
RTX_GLtimeline_ms=[1.07712, 1.076928, 1.075328, 1.074432, 1.040288, 1.100864, 1.109152, 1.093696, 1.329728, 1.1008, 1.106016, 1.103104, 1.072288, 1.104928, 1.216608, 0.069024]
