scene=Streaming terrain | 6261506 triangles | 0 queued chunks; mesh=true; streamedReference=false; entities=true; coverage=true; clouds=true; distant=true; faceLight=true; smoothLight=true; origin=BlockPos{x=-32, y=254, z=-33}
quality=AA=2x, scale=0.5, lensing=true, fine=false, adaptive=true, fastBounds=true, fastFetch=true, emptyCells=true, emptyReach=1024.0, angularCap=0.08, curveFactor=4.0, program=native-quads-selective-16.0; separateMoving=true; profileExperiment=0
width=2560 height=1440 camera=(16.5, 303.6199998855591, -45.5) yaw=0.281 pitch=35.91
RGB_mean_abs_255=6.421802662037037E-4 RGB_RMSE_255=0.06010455781694406 changedPixels=2444 pixelsMaxErrorAbove16=12
maxChannelErrorHistogram=[3683956, 2000, 181, 116, 33, 18, 11, 15, 9, 5, 7, 15, 6, 7, 2, 4, 3, 1, 0, 0, 2, 2, 0, 0, 0, 0, 4, 0, 3, 0, 0, 0, 0, 0, 0, 0, 0, 0, 0, 0, 0, 0, 0, 0, 0, 0, 0, 0, 0, 0, 0, 0, 0, 0, 0, 0, 0, 0, 0, 0, 0, 0, 0, 0, 0, 0, 0, 0, 0, 0, 0, 0, 0, 0, 0, 0, 0, 0, 0, 0, 0, 0, 0, 0, 0, 0, 0, 0, 0, 0, 0, 0, 0, 0, 0, 0, 0, 0, 0, 0, 0, 0, 0, 0, 0, 0, 0, 0, 0, 0, 0, 0, 0, 0, 0, 0, 0, 0, 0, 0, 0, 0, 0, 0, 0, 0, 0, 0, 0, 0, 0, 0, 0, 0, 0, 0, 0, 0, 0, 0, 0, 0, 0, 0, 0, 0, 0, 0, 0, 0, 0, 0, 0, 0, 0, 0, 0, 0, 0, 0, 0, 0, 0, 0, 0, 0, 0, 0, 0, 0, 0, 0, 0, 0, 0, 0, 0, 0, 0, 0, 0, 0, 0, 0, 0, 0, 0, 0, 0, 0, 0, 0, 0, 0, 0, 0, 0, 0, 0, 0, 0, 0, 0, 0, 0, 0, 0, 0, 0, 0, 0, 0, 0, 0, 0, 0, 0, 0, 0, 0, 0, 0, 0, 0, 0, 0, 0, 0, 0, 0, 0, 0, 0, 0, 0, 0, 0, 0, 0, 0, 0, 0, 0, 0, 0, 0, 0, 0, 0, 0, 0, 0, 0, 0, 0, 0]
OpenGL_wall_ms=[21.7096, 21.8093, 21.6657, 21.5505, 21.6094, 21.9365, 21.7944, 21.7949, 21.8462, 21.9917, 21.6222, 21.7354, 22.3381, 21.864, 21.729, 21.665]
RTX_wall_ms=[3.4224, 3.3642, 3.4136, 3.4081, 3.3854, 3.3768, 3.3941, 3.3768, 3.4035, 3.4118, 3.3827, 3.3822, 3.4059, 3.3768, 3.3814, 3.3707]
RTX_Vulkan_gpu_ms=[2.91472, 2.911136, 2.91408, 2.908864, 2.907776, 2.916992, 2.916704, 2.915616, 2.911232, 2.918432, 2.909984, 2.915552, 2.924832, 2.917152, 2.906912, 2.91424]
OpenGL_GLtimeline_ms=[21.590528, 21.722624, 21.54528, 21.445216, 21.491168, 21.849504, 21.698048, 21.700256, 21.719584, 21.89264, 21.509632, 21.622816, 22.22432, 21.775904, 21.630432, 21.576096]
RTX_GLtimeline_ms=[3.253856, 3.22832, 3.246112, 3.229824, 3.216256, 3.234496, 3.241216, 3.241984, 3.23184, 3.241376, 3.231776, 3.239776, 3.247232, 3.237984, 3.227712, 3.234912]
