scene=Streaming terrain | 6261518 triangles | 0 queued chunks; mesh=true; streamedReference=false; entities=true; coverage=true; clouds=true; distant=true; faceLight=true; smoothLight=true; origin=BlockPos{x=-32, y=254, z=-33}
quality=AA=2x, scale=0.5, lensing=true, fine=false, adaptive=true, fastBounds=true, fastFetch=true, emptyCells=true, emptyReach=1024.0, angularCap=0.08, curveFactor=4.0, program=native-quads-selective-16.0; separateMoving=true; profileExperiment=0
width=2560 height=1440 camera=(16.5, 303.6199998855591, -45.5) yaw=0.281 pitch=0.91
RGB_mean_abs_255=2.71900318287037E-4 RGB_RMSE_255=0.029978471731579498 changedPixels=1313 pixelsMaxErrorAbove16=0
maxChannelErrorHistogram=[3685087, 987, 136, 88, 44, 25, 2, 5, 3, 1, 4, 2, 7, 5, 4, 0, 0, 0, 0, 0, 0, 0, 0, 0, 0, 0, 0, 0, 0, 0, 0, 0, 0, 0, 0, 0, 0, 0, 0, 0, 0, 0, 0, 0, 0, 0, 0, 0, 0, 0, 0, 0, 0, 0, 0, 0, 0, 0, 0, 0, 0, 0, 0, 0, 0, 0, 0, 0, 0, 0, 0, 0, 0, 0, 0, 0, 0, 0, 0, 0, 0, 0, 0, 0, 0, 0, 0, 0, 0, 0, 0, 0, 0, 0, 0, 0, 0, 0, 0, 0, 0, 0, 0, 0, 0, 0, 0, 0, 0, 0, 0, 0, 0, 0, 0, 0, 0, 0, 0, 0, 0, 0, 0, 0, 0, 0, 0, 0, 0, 0, 0, 0, 0, 0, 0, 0, 0, 0, 0, 0, 0, 0, 0, 0, 0, 0, 0, 0, 0, 0, 0, 0, 0, 0, 0, 0, 0, 0, 0, 0, 0, 0, 0, 0, 0, 0, 0, 0, 0, 0, 0, 0, 0, 0, 0, 0, 0, 0, 0, 0, 0, 0, 0, 0, 0, 0, 0, 0, 0, 0, 0, 0, 0, 0, 0, 0, 0, 0, 0, 0, 0, 0, 0, 0, 0, 0, 0, 0, 0, 0, 0, 0, 0, 0, 0, 0, 0, 0, 0, 0, 0, 0, 0, 0, 0, 0, 0, 0, 0, 0, 0, 0, 0, 0, 0, 0, 0, 0, 0, 0, 0, 0, 0, 0, 0, 0, 0, 0, 0, 0, 0, 0, 0, 0, 0, 0]
OpenGL_wall_ms=[10.4613, 10.8033, 10.4754, 10.7422, 10.8319, 10.5448, 10.389, 11.198, 10.5421, 10.7954, 10.4341, 10.5034, 10.3881, 10.7201, 11.0139, 10.5817]
RTX_wall_ms=[3.4183, 3.3871, 3.4114, 3.4157, 3.4182, 3.3893, 3.415, 3.3731, 3.4754, 3.38, 3.8955, 3.4055, 3.4082, 3.4333, 3.4237, 3.3965]
RTX_Vulkan_gpu_ms=[2.920864, 2.92144, 2.92736, 2.929856, 2.929952, 2.92208, 2.92848, 2.92368, 2.924704, 2.921728, 3.392768, 2.928704, 2.927104, 2.927104, 2.947232, 2.926368]
OpenGL_GLtimeline_ms=[10.353088, 10.704288, 10.362304, 10.638784, 10.741088, 10.439136, 10.274272, 11.084256, 10.432736, 10.70336, 10.331872, 10.3992, 10.27856, 10.617312, 10.901984, 10.478208]
RTX_GLtimeline_ms=[3.248256, 3.240256, 3.265632, 3.26752, 3.252096, 3.239296, 3.255264, 3.227616, 3.328128, 3.245888, 2.158432, 3.250304, 3.256352, 3.246208, 3.26688, 3.248384]
