scene=Streaming terrain | 56694 triangles | 0 queued chunks; mesh=true; streamedReference=false; entities=true; coverage=true; clouds=true; distant=true; faceLight=true; smoothLight=true; origin=BlockPos{x=-45, y=34, z=-45}
quality=AA=2x, scale=0.5, lensing=true, fine=false, adaptive=true, fastBounds=true, fastFetch=true, emptyCells=true, emptyReach=1024.0, angularCap=0.08, curveFactor=4.0, program=native-horizon-quads
width=1280 height=720 camera=(3.0, 81.99999988555908, 0.0) yaw=0.0 pitch=0.0
RGB_mean_abs_255=0.0 RGB_RMSE_255=0.0 changedPixels=0 pixelsMaxErrorAbove16=0
maxChannelErrorHistogram=[921600, 0, 0, 0, 0, 0, 0, 0, 0, 0, 0, 0, 0, 0, 0, 0, 0, 0, 0, 0, 0, 0, 0, 0, 0, 0, 0, 0, 0, 0, 0, 0, 0, 0, 0, 0, 0, 0, 0, 0, 0, 0, 0, 0, 0, 0, 0, 0, 0, 0, 0, 0, 0, 0, 0, 0, 0, 0, 0, 0, 0, 0, 0, 0, 0, 0, 0, 0, 0, 0, 0, 0, 0, 0, 0, 0, 0, 0, 0, 0, 0, 0, 0, 0, 0, 0, 0, 0, 0, 0, 0, 0, 0, 0, 0, 0, 0, 0, 0, 0, 0, 0, 0, 0, 0, 0, 0, 0, 0, 0, 0, 0, 0, 0, 0, 0, 0, 0, 0, 0, 0, 0, 0, 0, 0, 0, 0, 0, 0, 0, 0, 0, 0, 0, 0, 0, 0, 0, 0, 0, 0, 0, 0, 0, 0, 0, 0, 0, 0, 0, 0, 0, 0, 0, 0, 0, 0, 0, 0, 0, 0, 0, 0, 0, 0, 0, 0, 0, 0, 0, 0, 0, 0, 0, 0, 0, 0, 0, 0, 0, 0, 0, 0, 0, 0, 0, 0, 0, 0, 0, 0, 0, 0, 0, 0, 0, 0, 0, 0, 0, 0, 0, 0, 0, 0, 0, 0, 0, 0, 0, 0, 0, 0, 0, 0, 0, 0, 0, 0, 0, 0, 0, 0, 0, 0, 0, 0, 0, 0, 0, 0, 0, 0, 0, 0, 0, 0, 0, 0, 0, 0, 0, 0, 0, 0, 0, 0, 0, 0, 0, 0, 0, 0, 0, 0, 0]
OpenGL_wall_ms=[2.8798, 0.856, 0.8536, 0.9168, 1.2609, 0.894, 0.8534, 0.8571, 0.8595, 0.8807, 0.9325, 0.8351, 0.8128, 0.8165, 0.8067, 0.8493]
RTX_wall_ms=[0.5545, 0.5394, 0.5418, 0.5261, 0.6178, 0.5165, 0.5282, 0.5171, 0.5348, 0.5161, 0.5238, 0.5164, 0.5086, 0.5151, 0.5178, 0.5137]
RTX_Vulkan_gpu_ms=[0.077536, 0.075392, 0.075744, 0.074496, 0.076256, 0.075456, 0.07552, 0.075456, 0.0752, 0.074784, 0.076736, 0.075936, 0.074944, 0.07536, 0.076096, 0.074944]
OpenGL_GLtimeline_ms=[0.768512, 0.74432, 0.748256, 0.78768, 1.036192, 0.78928, 0.743104, 0.748864, 0.756512, 0.775936, 0.81984, 0.739264, 0.719712, 0.720288, 0.710816, 0.753216]
RTX_GLtimeline_ms=[0.35344, 0.3576, 0.356416, 0.352288, 0.348352, 0.344128, 0.344768, 0.344064, 0.347008, 0.34512, 0.34784, 0.344128, 0.335872, 0.333696, 0.344192, 0.343104]
