scene=Streaming terrain | 6261506 triangles | 0 queued chunks; mesh=true; streamedReference=true; entities=true; coverage=true; clouds=true; distant=true; faceLight=true; smoothLight=true; origin=BlockPos{x=-32, y=254, z=-33}
quality=AA=2x, scale=0.5, lensing=true, fine=false, adaptive=true, fastBounds=true, fastFetch=true, emptyCells=true, emptyReach=1024.0, angularCap=0.08, curveFactor=4.0, program=native-quads-selective-16.0; separateMoving=true; profileExperiment=0
width=1280 height=720 camera=(16.5, 303.6199998855591, -45.5) yaw=0.281 pitch=0.90999985
RGB_mean_abs_255=5.747251157407408E-4 RGB_RMSE_255=0.09244657178207995 changedPixels=245 pixelsMaxErrorAbove16=8
maxChannelErrorHistogram=[921355, 174, 29, 6, 1, 3, 0, 4, 1, 15, 4, 0, 0, 0, 0, 0, 0, 0, 0, 0, 0, 0, 0, 0, 0, 0, 0, 0, 0, 0, 0, 0, 0, 0, 0, 0, 8, 0, 0, 0, 0, 0, 0, 0, 0, 0, 0, 0, 0, 0, 0, 0, 0, 0, 0, 0, 0, 0, 0, 0, 0, 0, 0, 0, 0, 0, 0, 0, 0, 0, 0, 0, 0, 0, 0, 0, 0, 0, 0, 0, 0, 0, 0, 0, 0, 0, 0, 0, 0, 0, 0, 0, 0, 0, 0, 0, 0, 0, 0, 0, 0, 0, 0, 0, 0, 0, 0, 0, 0, 0, 0, 0, 0, 0, 0, 0, 0, 0, 0, 0, 0, 0, 0, 0, 0, 0, 0, 0, 0, 0, 0, 0, 0, 0, 0, 0, 0, 0, 0, 0, 0, 0, 0, 0, 0, 0, 0, 0, 0, 0, 0, 0, 0, 0, 0, 0, 0, 0, 0, 0, 0, 0, 0, 0, 0, 0, 0, 0, 0, 0, 0, 0, 0, 0, 0, 0, 0, 0, 0, 0, 0, 0, 0, 0, 0, 0, 0, 0, 0, 0, 0, 0, 0, 0, 0, 0, 0, 0, 0, 0, 0, 0, 0, 0, 0, 0, 0, 0, 0, 0, 0, 0, 0, 0, 0, 0, 0, 0, 0, 0, 0, 0, 0, 0, 0, 0, 0, 0, 0, 0, 0, 0, 0, 0, 0, 0, 0, 0, 0, 0, 0, 0, 0, 0, 0, 0, 0, 0, 0, 0, 0, 0, 0, 0, 0, 0]
OpenGL_wall_ms=[4.1355, 4.1105, 4.4596, 4.2206, 4.3061, 4.1992, 4.5006, 4.0739, 4.0932, 4.7444, 4.4677, 4.337, 4.0828, 3.9617, 4.1169, 4.0856]
RTX_wall_ms=[1.4081, 1.3339, 1.3766, 1.4943, 1.687, 1.4597, 1.4508, 1.4146, 1.3611, 1.5228, 1.4108, 1.3586, 1.3908, 1.4508, 1.645, 1.3954]
RTX_Vulkan_gpu_ms=[0.907104, 0.88816, 0.911232, 0.984, 0.888288, 0.940512, 0.90992, 0.945984, 0.885376, 0.932864, 0.928896, 0.91216, 0.929568, 0.979104, 0.914592, 0.93456]
OpenGL_GLtimeline_ms=[3.993568, 4.008864, 4.056928, 4.116544, 4.084064, 4.103456, 4.37728, 3.870848, 3.890016, 4.53104, 4.059424, 4.23456, 3.678976, 3.850272, 3.88432, 3.99296]
RTX_GLtimeline_ms=[1.15632, 1.188576, 1.21456, 1.341632, 0.26176, 1.183008, 1.153216, 1.246496, 1.18992, 1.350592, 1.173824, 1.211488, 1.233056, 1.272896, 1.420736, 1.183776]
