scene=Streaming terrain | 5919972 triangles | 72 queued chunks; mesh=true; streamedReference=false; entities=true; coverage=true; clouds=true; distant=true; faceLight=true; smoothLight=true; origin=BlockPos{x=-32, y=254, z=-33}
quality=AA=2x, scale=0.5, lensing=true, fine=false, adaptive=true, fastBounds=true, fastFetch=true, emptyCells=true, emptyReach=1024.0, angularCap=0.08, curveFactor=4.0, program=native-quads-selective-16.0; separateMoving=true; profileExperiment=0
width=2560 height=1440 camera=(16.5, 303.6199998855591, -45.5) yaw=0.281 pitch=0.91
RGB_mean_abs_255=3.1385633680555556E-4 RGB_RMSE_255=0.03765520543733333 changedPixels=1356 pixelsMaxErrorAbove16=8
maxChannelErrorHistogram=[3685044, 985, 142, 99, 22, 53, 25, 2, 3, 5, 1, 3, 0, 0, 3, 5, 0, 0, 0, 0, 2, 6, 0, 0, 0, 0, 0, 0, 0, 0, 0, 0, 0, 0, 0, 0, 0, 0, 0, 0, 0, 0, 0, 0, 0, 0, 0, 0, 0, 0, 0, 0, 0, 0, 0, 0, 0, 0, 0, 0, 0, 0, 0, 0, 0, 0, 0, 0, 0, 0, 0, 0, 0, 0, 0, 0, 0, 0, 0, 0, 0, 0, 0, 0, 0, 0, 0, 0, 0, 0, 0, 0, 0, 0, 0, 0, 0, 0, 0, 0, 0, 0, 0, 0, 0, 0, 0, 0, 0, 0, 0, 0, 0, 0, 0, 0, 0, 0, 0, 0, 0, 0, 0, 0, 0, 0, 0, 0, 0, 0, 0, 0, 0, 0, 0, 0, 0, 0, 0, 0, 0, 0, 0, 0, 0, 0, 0, 0, 0, 0, 0, 0, 0, 0, 0, 0, 0, 0, 0, 0, 0, 0, 0, 0, 0, 0, 0, 0, 0, 0, 0, 0, 0, 0, 0, 0, 0, 0, 0, 0, 0, 0, 0, 0, 0, 0, 0, 0, 0, 0, 0, 0, 0, 0, 0, 0, 0, 0, 0, 0, 0, 0, 0, 0, 0, 0, 0, 0, 0, 0, 0, 0, 0, 0, 0, 0, 0, 0, 0, 0, 0, 0, 0, 0, 0, 0, 0, 0, 0, 0, 0, 0, 0, 0, 0, 0, 0, 0, 0, 0, 0, 0, 0, 0, 0, 0, 0, 0, 0, 0, 0, 0, 0, 0, 0, 0]
OpenGL_wall_ms=[9.5912, 9.4485, 9.5618, 9.8049, 9.402, 9.7782, 9.5995, 9.6021, 9.7838, 9.7955, 9.7411, 9.9379, 9.9857, 9.4887, 9.6605, 9.8531]
RTX_wall_ms=[3.3483, 3.3254, 3.3584, 3.3342, 3.3388, 3.5197, 3.3552, 3.3412, 3.3455, 3.3241, 3.3612, 3.3752, 3.3626, 3.3407, 3.3387, 3.332]
RTX_Vulkan_gpu_ms=[2.858016, 2.850496, 2.861856, 2.857024, 2.855872, 2.856032, 2.857952, 2.856416, 2.853216, 2.85024, 2.853344, 2.858464, 2.856448, 2.860416, 2.852672, 2.857056]
OpenGL_GLtimeline_ms=[9.459136, 9.34752, 9.454016, 9.701024, 9.288192, 9.66256, 9.459456, 9.486016, 9.6704, 9.691808, 9.622208, 9.839104, 9.863232, 9.38656, 9.555104, 9.751232]
RTX_GLtimeline_ms=[3.176544, 3.171712, 3.195008, 3.176576, 3.187648, 3.181696, 3.195968, 3.193088, 3.177632, 3.162944, 3.195072, 3.190496, 3.194656, 3.182688, 3.174496, 3.181696]
