scene=Streaming terrain | 56694 triangles | 0 queued chunks; mesh=true; streamedReference=false; entities=true; coverage=true; clouds=true; distant=true; faceLight=true; smoothLight=true; origin=BlockPos{x=-45, y=34, z=-45}
quality=AA=2x, scale=0.5, lensing=true, fine=false, adaptive=true, fastBounds=true, fastFetch=true, emptyCells=true, emptyReach=1024.0, angularCap=0.08, curveFactor=4.0, program=native-horizon-quads
width=1280 height=720 camera=(3.0, 81.99999988555908, -1.0) yaw=90.0 pitch=0.0
RGB_mean_abs_255=0.001111472800925926 RGB_RMSE_255=0.07969714447809885 changedPixels=864 pixelsMaxErrorAbove16=10
maxChannelErrorHistogram=[920736, 667, 75, 25, 27, 17, 16, 4, 5, 4, 4, 0, 0, 0, 4, 1, 5, 0, 4, 0, 2, 2, 0, 0, 0, 0, 0, 0, 2, 0, 0, 0, 0, 0, 0, 0, 0, 0, 0, 0, 0, 0, 0, 0, 0, 0, 0, 0, 0, 0, 0, 0, 0, 0, 0, 0, 0, 0, 0, 0, 0, 0, 0, 0, 0, 0, 0, 0, 0, 0, 0, 0, 0, 0, 0, 0, 0, 0, 0, 0, 0, 0, 0, 0, 0, 0, 0, 0, 0, 0, 0, 0, 0, 0, 0, 0, 0, 0, 0, 0, 0, 0, 0, 0, 0, 0, 0, 0, 0, 0, 0, 0, 0, 0, 0, 0, 0, 0, 0, 0, 0, 0, 0, 0, 0, 0, 0, 0, 0, 0, 0, 0, 0, 0, 0, 0, 0, 0, 0, 0, 0, 0, 0, 0, 0, 0, 0, 0, 0, 0, 0, 0, 0, 0, 0, 0, 0, 0, 0, 0, 0, 0, 0, 0, 0, 0, 0, 0, 0, 0, 0, 0, 0, 0, 0, 0, 0, 0, 0, 0, 0, 0, 0, 0, 0, 0, 0, 0, 0, 0, 0, 0, 0, 0, 0, 0, 0, 0, 0, 0, 0, 0, 0, 0, 0, 0, 0, 0, 0, 0, 0, 0, 0, 0, 0, 0, 0, 0, 0, 0, 0, 0, 0, 0, 0, 0, 0, 0, 0, 0, 0, 0, 0, 0, 0, 0, 0, 0, 0, 0, 0, 0, 0, 0, 0, 0, 0, 0, 0, 0, 0, 0, 0, 0, 0, 0]
OpenGL_wall_ms=[9.5916, 9.4088, 9.5747, 9.457, 8.7435, 9.7188, 9.0653, 9.9394, 9.1281, 9.7194, 8.9859, 10.1252, 8.8754, 9.4157, 9.9514, 9.5362]
RTX_wall_ms=[2.6917, 2.6635, 2.7662, 2.6688, 2.8093, 2.6643, 2.6848, 2.6446, 2.642, 2.6441, 2.6479, 2.8309, 2.6561, 2.6571, 2.7733, 2.6771]
RTX_Vulkan_gpu_ms=[2.249376, 2.224192, 2.251616, 2.246368, 2.384928, 2.237248, 2.260736, 2.232384, 2.223808, 2.237376, 2.206592, 2.402432, 2.22, 2.246112, 2.263424, 2.235552]
OpenGL_GLtimeline_ms=[9.499712, 9.30208, 9.46864, 9.356512, 8.634848, 9.612352, 8.975008, 9.847552, 8.893888, 9.632992, 8.85264, 9.991232, 8.76864, 9.327808, 9.521952, 9.451488]
RTX_GLtimeline_ms=[2.524736, 2.492768, 2.520032, 2.509792, 2.645024, 2.504704, 2.525952, 2.502368, 2.486592, 2.496832, 2.476224, 2.670752, 2.492352, 2.514208, 2.544704, 2.516928]
