scene=Streaming terrain | 56694 triangles | 0 queued chunks; mesh=true; streamedReference=false; entities=true; coverage=true; clouds=true; distant=true; faceLight=true; smoothLight=true; origin=BlockPos{x=-45, y=34, z=-45}
quality=AA=2x, scale=0.5, lensing=true, fine=false, adaptive=true, fastBounds=true, fastFetch=true, emptyCells=true, emptyReach=1024.0, angularCap=0.08, curveFactor=4.0, program=native-horizon-quads
width=1280 height=720 camera=(3.0, 81.99999988555908, 3.0) yaw=90.0 pitch=0.0
RGB_mean_abs_255=0.0 RGB_RMSE_255=0.0 changedPixels=0 pixelsMaxErrorAbove16=0
maxChannelErrorHistogram=[921600, 0, 0, 0, 0, 0, 0, 0, 0, 0, 0, 0, 0, 0, 0, 0, 0, 0, 0, 0, 0, 0, 0, 0, 0, 0, 0, 0, 0, 0, 0, 0, 0, 0, 0, 0, 0, 0, 0, 0, 0, 0, 0, 0, 0, 0, 0, 0, 0, 0, 0, 0, 0, 0, 0, 0, 0, 0, 0, 0, 0, 0, 0, 0, 0, 0, 0, 0, 0, 0, 0, 0, 0, 0, 0, 0, 0, 0, 0, 0, 0, 0, 0, 0, 0, 0, 0, 0, 0, 0, 0, 0, 0, 0, 0, 0, 0, 0, 0, 0, 0, 0, 0, 0, 0, 0, 0, 0, 0, 0, 0, 0, 0, 0, 0, 0, 0, 0, 0, 0, 0, 0, 0, 0, 0, 0, 0, 0, 0, 0, 0, 0, 0, 0, 0, 0, 0, 0, 0, 0, 0, 0, 0, 0, 0, 0, 0, 0, 0, 0, 0, 0, 0, 0, 0, 0, 0, 0, 0, 0, 0, 0, 0, 0, 0, 0, 0, 0, 0, 0, 0, 0, 0, 0, 0, 0, 0, 0, 0, 0, 0, 0, 0, 0, 0, 0, 0, 0, 0, 0, 0, 0, 0, 0, 0, 0, 0, 0, 0, 0, 0, 0, 0, 0, 0, 0, 0, 0, 0, 0, 0, 0, 0, 0, 0, 0, 0, 0, 0, 0, 0, 0, 0, 0, 0, 0, 0, 0, 0, 0, 0, 0, 0, 0, 0, 0, 0, 0, 0, 0, 0, 0, 0, 0, 0, 0, 0, 0, 0, 0, 0, 0, 0, 0, 0, 0]
OpenGL_wall_ms=[5.088, 5.1164, 5.1018, 5.0995, 5.1321, 5.113, 5.1407, 5.0507, 5.1262, 5.1125, 5.1345, 5.058, 5.0829, 5.1216, 5.1131, 5.1024]
RTX_wall_ms=[0.6004, 0.5921, 0.5967, 0.5822, 0.6802, 0.5857, 0.5924, 0.564, 0.5699, 0.5777, 0.6781, 0.6429, 0.5739, 0.569, 0.6059, 0.586]
RTX_Vulkan_gpu_ms=[0.163424, 0.164896, 0.16352, 0.163872, 0.163552, 0.163872, 0.164288, 0.164064, 0.16384, 0.163872, 0.164736, 0.164352, 0.164064, 0.163488, 0.16464, 0.164672]
OpenGL_GLtimeline_ms=[4.980768, 5.015904, 4.999232, 5.000352, 5.020064, 5.015616, 5.0344, 4.964448, 5.037216, 5.014592, 5.03728, 4.97264, 4.982208, 5.03888, 5.027872, 5.00192]
RTX_GLtimeline_ms=[0.43376, 0.434048, 0.432256, 0.430784, 0.435552, 0.431488, 0.427808, 0.421696, 0.424384, 0.438112, 0.523904, 0.428672, 0.42352, 0.421408, 0.432064, 0.432064]
