scene=Streaming terrain | 5022434 triangles | 200 queued chunks; mesh=true; streamedReference=false; entities=true; coverage=true; clouds=true; distant=true; faceLight=true; smoothLight=true; origin=BlockPos{x=152, y=250, z=187}
quality=AA=2x, scale=1.0, lensing=true, fine=true, adaptive=true, fastBounds=true, fastFetch=true, emptyCells=true, emptyReach=1024.0, angularCap=0.08, curveFactor=4.0, program=closed-mouth-schwarzschild-preview
width=1280 height=720 camera=(297.147952299498, 294.65264294587337, 212.3767002456382) yaw=-60.450024 pitch=-2.250012
RGB_mean_abs_255=4.173900462962963E-4 RGB_RMSE_255=0.08804394420464766 changedPixels=46 pixelsMaxErrorAbove16=9
maxChannelErrorHistogram=[921554, 2, 12, 3, 3, 6, 3, 3, 3, 1, 1, 0, 0, 0, 0, 0, 0, 0, 0, 0, 0, 0, 2, 0, 3, 0, 0, 0, 2, 0, 0, 0, 0, 0, 0, 0, 0, 0, 0, 0, 0, 0, 0, 0, 0, 1, 0, 0, 0, 0, 1, 0, 0, 0, 0, 0, 0, 0, 0, 0, 0, 0, 0, 0, 0, 0, 0, 0, 0, 0, 0, 0, 0, 0, 0, 0, 0, 0, 0, 0, 0, 0, 0, 0, 0, 0, 0, 0, 0, 0, 0, 0, 0, 0, 0, 0, 0, 0, 0, 0, 0, 0, 0, 0, 0, 0, 0, 0, 0, 0, 0, 0, 0, 0, 0, 0, 0, 0, 0, 0, 0, 0, 0, 0, 0, 0, 0, 0, 0, 0, 0, 0, 0, 0, 0, 0, 0, 0, 0, 0, 0, 0, 0, 0, 0, 0, 0, 0, 0, 0, 0, 0, 0, 0, 0, 0, 0, 0, 0, 0, 0, 0, 0, 0, 0, 0, 0, 0, 0, 0, 0, 0, 0, 0, 0, 0, 0, 0, 0, 0, 0, 0, 0, 0, 0, 0, 0, 0, 0, 0, 0, 0, 0, 0, 0, 0, 0, 0, 0, 0, 0, 0, 0, 0, 0, 0, 0, 0, 0, 0, 0, 0, 0, 0, 0, 0, 0, 0, 0, 0, 0, 0, 0, 0, 0, 0, 0, 0, 0, 0, 0, 0, 0, 0, 0, 0, 0, 0, 0, 0, 0, 0, 0, 0, 0, 0, 0, 0, 0, 0, 0, 0, 0, 0, 0, 0]
OpenGL_wall_ms=[10.4526, 8.1346, 8.4449, 8.0915, 8.1272, 8.1042, 8.271, 8.3342, 8.2921, 8.2079, 8.0431, 8.0783, 8.2274, 8.2719, 8.2182, 8.1723]
RTX_wall_ms=[3.6295, 3.519, 3.5351, 3.7438, 3.5766, 3.5181, 3.5377, 3.5592, 3.7472, 3.5232, 3.5528, 3.5163, 3.5302, 3.5817, 3.627, 3.5582]
RTX_Vulkan_gpu_ms=[2.99696, 2.995392, 2.992288, 3.200352, 2.992192, 2.987552, 2.996416, 2.988448, 3.202656, 2.994784, 2.993632, 2.992032, 3.005248, 3.00304, 3.001248, 2.99904]
OpenGL_GLtimeline_ms=[8.045152, 7.958944, 8.246944, 7.917504, 7.939424, 7.92064, 8.0064, 8.152672, 8.109824, 8.029056, 7.846432, 7.907328, 7.986944, 8.04912, 8.0368, 8.005088]
RTX_GLtimeline_ms=[3.277216, 3.276864, 3.278976, 3.48272, 3.3256, 3.277952, 3.284864, 3.317792, 3.492256, 3.278016, 3.289344, 3.273504, 3.293888, 3.295232, 3.286752, 3.288512]
