scene=Streaming terrain | 4639126 triangles | 147 queued chunks; mesh=true; streamedReference=false; entities=true; coverage=true; clouds=true; distant=true; faceLight=true; smoothLight=true; origin=BlockPos{x=183, y=250, z=143}
quality=AA=2x, scale=1.0, lensing=true, fine=true, adaptive=true, fastBounds=true, fastFetch=true, emptyCells=true, emptyReach=1024.0, angularCap=0.08, curveFactor=4.0, program=native-ellis-wormhole-quads
width=1280 height=720 camera=(231.078557, 297.9999998855591, 159.15742) yaw=0.0 pitch=0.0
RGB_mean_abs_255=0.0011306423611111111 RGB_RMSE_255=0.15919447837297762 changedPixels=154 pixelsMaxErrorAbove16=18
maxChannelErrorHistogram=[921446, 41, 20, 9, 20, 11, 8, 3, 2, 8, 2, 1, 3, 6, 0, 1, 1, 4, 0, 1, 0, 0, 0, 0, 2, 0, 0, 0, 0, 0, 0, 0, 0, 0, 0, 0, 0, 0, 0, 0, 0, 0, 0, 0, 0, 1, 0, 0, 0, 2, 0, 3, 0, 0, 0, 1, 0, 0, 0, 0, 1, 0, 0, 0, 0, 2, 0, 0, 0, 0, 0, 0, 0, 0, 0, 0, 0, 0, 0, 0, 0, 0, 0, 0, 0, 1, 0, 0, 0, 0, 0, 0, 0, 0, 0, 0, 0, 0, 0, 0, 0, 0, 0, 0, 0, 0, 0, 0, 0, 0, 0, 0, 0, 0, 0, 0, 0, 0, 0, 0, 0, 0, 0, 0, 0, 0, 0, 0, 0, 0, 0, 0, 0, 0, 0, 0, 0, 0, 0, 0, 0, 0, 0, 0, 0, 0, 0, 0, 0, 0, 0, 0, 0, 0, 0, 0, 0, 0, 0, 0, 0, 0, 0, 0, 0, 0, 0, 0, 0, 0, 0, 0, 0, 0, 0, 0, 0, 0, 0, 0, 0, 0, 0, 0, 0, 0, 0, 0, 0, 0, 0, 0, 0, 0, 0, 0, 0, 0, 0, 0, 0, 0, 0, 0, 0, 0, 0, 0, 0, 0, 0, 0, 0, 0, 0, 0, 0, 0, 0, 0, 0, 0, 0, 0, 0, 0, 0, 0, 0, 0, 0, 0, 0, 0, 0, 0, 0, 0, 0, 0, 0, 0, 0, 0, 0, 0, 0, 0, 0, 0, 0, 0, 0, 0, 0, 0]
OpenGL_wall_ms=[46.4557, 44.6848, 43.3824, 42.9098, 45.5437, 43.1675, 46.2533, 43.1152, 49.5528, 47.25, 47.2165, 48.8421, 44.2927, 44.3099, 44.617, 42.6497]
RTX_wall_ms=[12.5449, 12.311, 12.4292, 13.6185, 12.7121, 12.3596, 15.34, 16.3229, 17.7636, 15.4538, 18.0068, 18.4305, 14.8371, 12.3027, 12.3309, 12.5672]
RTX_Vulkan_gpu_ms=[11.89824, 11.824864, 11.841408, 13.169248, 12.237408, 11.880064, 14.799264, 15.746208, 16.98944, 14.893376, 17.28048, 17.179648, 14.303648, 11.854048, 11.854528, 11.991136]
OpenGL_GLtimeline_ms=[43.740736, 44.568544, 43.263136, 42.788864, 45.419328, 43.019456, 46.002624, 42.912672, 49.103424, 47.132544, 46.966976, 48.632544, 43.977664, 44.209632, 44.427168, 42.199328]
RTX_GLtimeline_ms=[12.185472, 12.106848, 12.118176, 13.445216, 12.521376, 12.156224, 15.091008, 16.066432, 15.801376, 15.165824, 16.19328, 6.54816, 12.91776, 12.140192, 12.144736, 12.382208]
