scene=Streaming terrain | 55102 triangles | 0 queued chunks; mesh=true; streamedReference=false; entities=true; coverage=true; clouds=true; distant=true; faceLight=true; smoothLight=true; origin=BlockPos{x=-33, y=43, z=-62}
quality=AA=2x, scale=0.5, lensing=true, fine=false, adaptive=true, fastBounds=true, fastFetch=true, emptyCells=true, emptyReach=1024.0, angularCap=0.08, curveFactor=4.0, program=native-horizon-quads
width=2560 height=1440 camera=(6.0, 81.99999988555908, 2.0) yaw=0.0 pitch=0.0
RGB_mean_abs_255=0.0021311668113425924 RGB_RMSE_255=0.16432408599249387 changedPixels=4579 pixelsMaxErrorAbove16=106
maxChannelErrorHistogram=[3681821, 3168, 510, 192, 154, 139, 92, 54, 19, 31, 30, 21, 17, 10, 23, 10, 3, 12, 12, 6, 17, 5, 11, 11, 0, 0, 0, 0, 0, 0, 0, 0, 1, 0, 0, 0, 1, 1, 1, 0, 4, 1, 0, 0, 0, 0, 0, 0, 1, 3, 1, 0, 1, 2, 1, 2, 0, 0, 0, 0, 0, 0, 0, 0, 0, 0, 0, 1, 3, 0, 0, 0, 0, 0, 0, 0, 0, 0, 3, 1, 0, 0, 0, 0, 0, 0, 0, 0, 0, 4, 0, 0, 0, 0, 0, 0, 0, 0, 0, 0, 0, 0, 0, 0, 0, 0, 0, 0, 0, 0, 0, 0, 0, 0, 0, 0, 0, 0, 0, 0, 0, 0, 0, 0, 0, 0, 0, 0, 0, 0, 0, 0, 0, 0, 0, 0, 0, 0, 0, 0, 0, 0, 0, 0, 0, 0, 0, 0, 0, 0, 0, 0, 0, 0, 0, 0, 0, 0, 0, 0, 0, 0, 0, 0, 0, 0, 0, 0, 0, 0, 0, 0, 0, 0, 0, 0, 0, 0, 0, 0, 0, 0, 0, 0, 0, 0, 0, 0, 0, 0, 0, 0, 0, 0, 0, 0, 0, 0, 0, 0, 0, 0, 0, 0, 0, 0, 0, 0, 0, 0, 0, 0, 0, 0, 0, 0, 0, 0, 0, 0, 0, 0, 0, 0, 0, 0, 0, 0, 0, 0, 0, 0, 0, 0, 0, 0, 0, 0, 0, 0, 0, 0, 0, 0, 0, 0, 0, 0, 0, 0, 0, 0, 0, 0, 0, 0]
OpenGL_wall_ms=[20.5276, 21.4003, 21.2671, 21.0596, 20.1735, 21.7357, 20.6925, 20.7832, 21.0634, 20.6429, 20.4649, 22.146, 21.0902, 21.505, 20.4744, 20.4968]
RTX_wall_ms=[6.9566, 6.8792, 6.9133, 6.9057, 6.9324, 6.8937, 6.9807, 6.9209, 6.9533, 6.9251, 6.9254, 6.927, 6.9781, 6.8989, 6.9714, 6.9866]
RTX_Vulkan_gpu_ms=[6.423392, 6.38736, 6.411584, 6.393312, 6.415936, 6.387072, 6.439104, 6.41744, 6.44944, 6.424256, 6.413184, 6.42752, 6.41632, 6.396544, 6.45456, 6.491648]
OpenGL_GLtimeline_ms=[20.403712, 21.303648, 21.160192, 20.932, 20.060608, 21.63408, 20.565504, 20.673248, 20.952768, 20.550848, 20.3472, 22.041024, 20.9648, 21.402048, 20.363968, 20.402656]
RTX_GLtimeline_ms=[6.76256, 6.722656, 6.741088, 6.729792, 6.75744, 6.719488, 6.792192, 6.753024, 6.778912, 6.763584, 6.754624, 6.76656, 6.75744, 6.730592, 6.798336, 6.820864]
