scene=Streaming terrain | 5513190 triangles | 100 queued chunks; mesh=true; streamedReference=false; entities=true; coverage=true; clouds=true; distant=true; faceLight=true; smoothLight=true; origin=BlockPos{x=413, y=122, z=-110}
quality=AA=2x, scale=1.0, lensing=true, fine=true, adaptive=true, fastBounds=true, fastFetch=true, emptyCells=true, emptyReach=1024.0, angularCap=0.08, curveFactor=4.0, program=native-local-wormhole-quads
width=1280 height=720 camera=(500.5, 191.61999988555908, -89.5) yaw=10.0 pitch=12.0
RGB_mean_abs_255=0.008637876157407407 RGB_RMSE_255=0.40783611308819734 changedPixels=3138 pixelsMaxErrorAbove16=131
maxChannelErrorHistogram=[918462, 1931, 150, 229, 219, 98, 72, 81, 38, 33, 35, 39, 23, 21, 22, 8, 8, 6, 13, 10, 6, 7, 3, 14, 7, 2, 5, 2, 1, 7, 1, 2, 1, 1, 1, 3, 2, 1, 2, 0, 1, 3, 0, 2, 0, 0, 4, 0, 3, 2, 1, 0, 1, 0, 0, 1, 1, 1, 0, 0, 1, 2, 1, 0, 1, 0, 1, 1, 0, 0, 0, 1, 1, 0, 0, 0, 1, 1, 0, 0, 0, 2, 0, 0, 0, 0, 0, 0, 0, 0, 0, 1, 0, 0, 0, 0, 0, 0, 0, 0, 0, 0, 0, 0, 0, 0, 0, 0, 0, 0, 0, 0, 0, 0, 0, 0, 0, 0, 0, 0, 0, 0, 0, 0, 0, 0, 0, 0, 0, 0, 0, 0, 0, 0, 0, 0, 0, 0, 0, 0, 0, 0, 0, 0, 0, 0, 0, 0, 0, 0, 0, 0, 0, 0, 0, 0, 0, 0, 0, 0, 0, 0, 0, 0, 0, 0, 0, 0, 0, 0, 0, 0, 0, 0, 0, 0, 0, 0, 0, 0, 0, 0, 0, 0, 0, 0, 0, 0, 0, 0, 0, 0, 0, 0, 0, 0, 0, 0, 0, 0, 0, 0, 0, 0, 0, 0, 0, 0, 0, 0, 0, 0, 0, 0, 0, 0, 0, 0, 0, 0, 0, 0, 0, 0, 0, 0, 0, 0, 0, 0, 0, 0, 0, 0, 0, 0, 0, 0, 0, 0, 0, 0, 0, 0, 0, 0, 0, 0, 0, 0, 0, 0, 0, 0, 0, 0]
OpenGL_wall_ms=[181.5308, 187.2181, 170.6054, 167.4523, 183.6495, 174.5898, 184.6464, 189.6581, 189.9061, 173.1254, 180.4276, 179.89, 177.137, 171.9412, 181.4673, 175.21]
RTX_wall_ms=[11.307, 9.7558, 13.2719, 10.0386, 13.1676, 11.1719, 14.5925, 9.7608, 15.0883, 13.4866, 14.9686, 15.2134, 13.3808, 9.785, 15.1229, 9.8976]
RTX_Vulkan_gpu_ms=[10.712416, 9.2968, 12.699936, 9.579296, 12.612672, 10.705568, 14.081056, 9.291904, 14.428224, 12.93424, 14.206368, 14.335008, 12.684864, 9.32, 14.34336, 9.308352]
OpenGL_GLtimeline_ms=[178.311008, 187.094752, 170.323264, 167.333088, 183.432768, 174.446496, 184.4248, 189.545344, 189.681184, 172.992992, 180.151936, 179.68656, 176.674592, 171.815712, 181.24704, 175.096]
RTX_GLtimeline_ms=[11.00512, 9.57776, 11.114528, 9.855072, 12.887136, 10.992736, 12.446016, 9.578528, 14.819424, 13.217984, 12.795712, 13.000128, 9.259328, 9.605184, 13.021088, 9.592192]
