scene=Streaming terrain | 3798086 triangles | 244 queued chunks; mesh=true; streamedReference=false; entities=true; coverage=true; clouds=true; distant=true; faceLight=true; smoothLight=true; origin=BlockPos{x=327, y=120, z=-5}
quality=AA=2x, scale=1.0, lensing=true, fine=true, adaptive=true, fastBounds=true, fastFetch=true, emptyCells=true, emptyReach=1024.0, angularCap=0.08, curveFactor=4.0, program=native-local-wormhole-quads
width=1280 height=720 camera=(461.5, 191.61999988555908, -89.5) yaw=0.0 pitch=12.0
RGB_mean_abs_255=8.969907407407407E-4 RGB_RMSE_255=0.1327733466252699 changedPixels=311 pixelsMaxErrorAbove16=14
maxChannelErrorHistogram=[921289, 203, 15, 29, 12, 3, 2, 6, 2, 5, 4, 6, 6, 2, 0, 1, 1, 1, 1, 0, 2, 0, 0, 1, 0, 0, 0, 1, 0, 1, 0, 0, 0, 0, 1, 0, 1, 0, 0, 1, 0, 0, 1, 0, 1, 0, 0, 0, 0, 0, 0, 0, 0, 0, 0, 0, 0, 0, 0, 0, 0, 0, 0, 0, 0, 1, 0, 1, 0, 0, 0, 0, 0, 0, 0, 0, 0, 0, 0, 0, 0, 0, 0, 0, 0, 0, 0, 0, 0, 0, 0, 0, 0, 0, 0, 0, 0, 0, 0, 0, 0, 0, 0, 0, 0, 0, 0, 0, 0, 0, 0, 0, 0, 0, 0, 0, 0, 0, 0, 0, 0, 0, 0, 0, 0, 0, 0, 0, 0, 0, 0, 0, 0, 0, 0, 0, 0, 0, 0, 0, 0, 0, 0, 0, 0, 0, 0, 0, 0, 0, 0, 0, 0, 0, 0, 0, 0, 0, 0, 0, 0, 0, 0, 0, 0, 0, 0, 0, 0, 0, 0, 0, 0, 0, 0, 0, 0, 0, 0, 0, 0, 0, 0, 0, 0, 0, 0, 0, 0, 0, 0, 0, 0, 0, 0, 0, 0, 0, 0, 0, 0, 0, 0, 0, 0, 0, 0, 0, 0, 0, 0, 0, 0, 0, 0, 0, 0, 0, 0, 0, 0, 0, 0, 0, 0, 0, 0, 0, 0, 0, 0, 0, 0, 0, 0, 0, 0, 0, 0, 0, 0, 0, 0, 0, 0, 0, 0, 0, 0, 0, 0, 0, 0, 0, 0, 0]
OpenGL_wall_ms=[71.5767, 67.3702, 67.2847, 65.536, 68.5818, 62.9516, 66.2856, 66.6049, 65.6268, 63.2307, 66.0078, 66.5814, 70.7719, 66.7849, 64.4213, 67.1926]
RTX_wall_ms=[3.8726, 5.0208, 3.8553, 3.7812, 3.8205, 3.7964, 3.7937, 3.7786, 3.8008, 3.755, 3.8514, 4.0244, 3.8367, 3.7319, 3.8363, 3.7825]
RTX_Vulkan_gpu_ms=[3.329504, 4.362176, 3.315936, 3.332192, 3.317664, 3.315488, 3.31856, 3.3168, 3.321472, 3.289888, 3.38064, 3.464416, 3.298336, 3.289024, 3.353568, 3.319136]
OpenGL_GLtimeline_ms=[67.117568, 67.249152, 67.068736, 65.422304, 68.44384, 62.8384, 66.152096, 66.456288, 65.495808, 63.105984, 65.87584, 66.308352, 70.540224, 66.68432, 64.294336, 67.072512]
RTX_GLtimeline_ms=[3.620768, 4.816, 3.60448, 3.617568, 3.595968, 3.587168, 3.604, 3.601472, 3.602272, 3.57488, 3.66688, 3.8528, 3.580256, 3.563648, 3.642176, 3.601664]
