scene=Streaming terrain | 5212596 triangles | 190 queued chunks; mesh=true; streamedReference=false; entities=true; coverage=true; clouds=true; distant=true; faceLight=true; smoothLight=true; origin=BlockPos{x=327, y=120, z=-5}
quality=AA=2x, scale=1.0, lensing=true, fine=true, adaptive=true, fastBounds=true, fastFetch=true, emptyCells=true, emptyReach=1024.0, angularCap=0.08, curveFactor=4.0, program=native-local-wormhole-quads
width=1280 height=720 camera=(500.5, 191.61999988555908, -89.5) yaw=10.0 pitch=12.0
RGB_mean_abs_255=0.0011812789351851852 RGB_RMSE_255=0.17058544006189716 changedPixels=324 pixelsMaxErrorAbove16=26
maxChannelErrorHistogram=[921276, 205, 7, 22, 15, 8, 5, 10, 5, 3, 4, 7, 4, 0, 1, 1, 1, 5, 0, 2, 1, 1, 0, 2, 1, 0, 0, 0, 0, 2, 0, 1, 0, 1, 0, 1, 1, 1, 0, 2, 0, 0, 0, 0, 0, 0, 0, 0, 0, 0, 1, 1, 0, 0, 0, 0, 0, 0, 0, 0, 0, 0, 0, 0, 0, 0, 0, 1, 0, 0, 0, 0, 0, 0, 1, 0, 0, 0, 0, 0, 0, 0, 0, 0, 1, 0, 0, 0, 0, 0, 0, 0, 0, 0, 0, 0, 0, 0, 0, 0, 0, 0, 0, 0, 0, 0, 0, 0, 0, 0, 0, 0, 0, 0, 0, 0, 0, 0, 0, 0, 0, 0, 0, 0, 0, 0, 0, 0, 0, 0, 0, 0, 0, 0, 0, 0, 0, 0, 0, 0, 0, 0, 0, 0, 0, 0, 0, 0, 0, 0, 0, 0, 0, 0, 0, 0, 0, 0, 0, 0, 0, 0, 0, 0, 0, 0, 0, 0, 0, 0, 0, 0, 0, 0, 0, 0, 0, 0, 0, 0, 0, 0, 0, 0, 0, 0, 0, 0, 0, 0, 0, 0, 0, 0, 0, 0, 0, 0, 0, 0, 0, 0, 0, 0, 0, 0, 0, 0, 0, 0, 0, 0, 0, 0, 0, 0, 0, 0, 0, 0, 0, 0, 0, 0, 0, 0, 0, 0, 0, 0, 0, 0, 0, 0, 0, 0, 0, 0, 0, 0, 0, 0, 0, 0, 0, 0, 0, 0, 0, 0, 0, 0, 0, 0, 0, 0]
OpenGL_wall_ms=[65.9441, 67.4985, 69.3759, 67.8722, 67.349, 65.9145, 65.8066, 71.7022, 69.4309, 65.2218, 65.8135, 67.7426, 67.0409, 65.6352, 72.6056, 72.686]
RTX_wall_ms=[3.974, 3.9845, 3.9145, 4.6433, 3.8831, 4.2937, 4.9778, 4.0242, 3.8626, 3.914, 4.063, 3.8815, 4.6114, 4.0714, 5.7756, 4.7497]
RTX_Vulkan_gpu_ms=[3.422496, 3.521344, 3.43104, 4.211072, 3.391584, 3.63968, 4.374528, 3.516032, 3.400224, 3.47152, 3.454144, 3.429632, 3.872256, 3.5208, 4.411104, 4.179296]
OpenGL_GLtimeline_ms=[65.825856, 67.396032, 69.248704, 67.765696, 67.21072, 65.803808, 65.597888, 71.589056, 69.309824, 65.114336, 65.694176, 67.639872, 66.89824, 65.514528, 72.343136, 72.581696]
RTX_GLtimeline_ms=[3.714176, 3.812992, 3.721472, 4.47696, 3.688416, 4.123872, 4.65312, 3.794048, 3.676384, 3.746112, 3.882112, 3.711072, 4.298048, 3.80048, 1.416352, 4.51184]
