scene=Streaming terrain | 6261506 triangles | 0 queued chunks; mesh=true; streamedReference=true; entities=true; coverage=true; clouds=true; distant=true; faceLight=true; smoothLight=true; origin=BlockPos{x=-32, y=254, z=-33}
quality=AA=2x, scale=0.5, lensing=true, fine=false, adaptive=true, fastBounds=true, fastFetch=true, emptyCells=true, emptyReach=1024.0, angularCap=0.08, curveFactor=4.0, program=native-quads-selective-16.0; separateMoving=true; profileExperiment=0
width=2560 height=1440 camera=(16.5, 303.6199998855591, -45.5) yaw=0.281 pitch=35.91
RGB_mean_abs_255=2.643952546296296E-4 RGB_RMSE_255=0.038728899571728564 changedPixels=1311 pixelsMaxErrorAbove16=4
maxChannelErrorHistogram=[3685089, 1159, 75, 32, 14, 2, 3, 1, 3, 8, 2, 1, 1, 4, 2, 0, 0, 0, 0, 0, 0, 0, 0, 0, 0, 0, 0, 0, 0, 0, 0, 0, 0, 0, 0, 0, 4, 0, 0, 0, 0, 0, 0, 0, 0, 0, 0, 0, 0, 0, 0, 0, 0, 0, 0, 0, 0, 0, 0, 0, 0, 0, 0, 0, 0, 0, 0, 0, 0, 0, 0, 0, 0, 0, 0, 0, 0, 0, 0, 0, 0, 0, 0, 0, 0, 0, 0, 0, 0, 0, 0, 0, 0, 0, 0, 0, 0, 0, 0, 0, 0, 0, 0, 0, 0, 0, 0, 0, 0, 0, 0, 0, 0, 0, 0, 0, 0, 0, 0, 0, 0, 0, 0, 0, 0, 0, 0, 0, 0, 0, 0, 0, 0, 0, 0, 0, 0, 0, 0, 0, 0, 0, 0, 0, 0, 0, 0, 0, 0, 0, 0, 0, 0, 0, 0, 0, 0, 0, 0, 0, 0, 0, 0, 0, 0, 0, 0, 0, 0, 0, 0, 0, 0, 0, 0, 0, 0, 0, 0, 0, 0, 0, 0, 0, 0, 0, 0, 0, 0, 0, 0, 0, 0, 0, 0, 0, 0, 0, 0, 0, 0, 0, 0, 0, 0, 0, 0, 0, 0, 0, 0, 0, 0, 0, 0, 0, 0, 0, 0, 0, 0, 0, 0, 0, 0, 0, 0, 0, 0, 0, 0, 0, 0, 0, 0, 0, 0, 0, 0, 0, 0, 0, 0, 0, 0, 0, 0, 0, 0, 0, 0, 0, 0, 0, 0, 0]
OpenGL_wall_ms=[24.4529, 22.2812, 22.0265, 22.1544, 21.8408, 22.1977, 22.0024, 21.9497, 22.1479, 22.2017, 22.0637, 22.2474, 22.1155, 22.2092, 21.9337, 22.0435]
RTX_wall_ms=[3.625, 3.5687, 3.5502, 3.5123, 3.6023, 3.5324, 3.5437, 3.5047, 3.53, 3.5034, 3.5226, 3.5145, 3.5565, 3.5488, 3.5663, 3.5431]
RTX_Vulkan_gpu_ms=[3.030752, 3.02816, 3.034112, 3.025024, 3.028192, 3.022304, 3.013888, 3.023904, 3.02592, 3.024288, 3.02304, 3.031648, 3.023616, 3.03984, 3.022496, 3.026144]
OpenGL_GLtimeline_ms=[21.951072, 22.09728, 21.878912, 22.04112, 21.692672, 22.07584, 21.877792, 21.84784, 22.022496, 22.10368, 21.946144, 22.151584, 21.990464, 22.110656, 21.82496, 21.936608]
RTX_GLtimeline_ms=[3.370944, 3.389504, 3.37984, 3.36608, 3.399776, 3.37504, 3.36464, 3.358944, 3.373056, 3.364928, 3.368032, 3.360896, 3.374112, 3.401824, 3.386688, 3.373408]
