scene=Streaming terrain | 82312 triangles | 0 queued chunks; mesh=true; streamedReference=true; entities=true; coverage=true; clouds=true; distant=true; faceLight=true; smoothLight=true; origin=BlockPos{x=-40, y=48, z=-40}
quality=AA=2x, scale=0.5, lensing=true, fine=false, adaptive=true, fastBounds=true, fastFetch=true, emptyCells=true, emptyReach=1024.0, angularCap=0.08, curveFactor=4.0, program=native-ellis-wormhole-quads
width=2560 height=1440 camera=(11.0, 97.99999988555908, 0.0) yaw=0.0 pitch=0.0
RGB_mean_abs_255=0.0020759186921296296 RGB_RMSE_255=0.230303367764572 changedPixels=2522 pixelsMaxErrorAbove16=139
maxChannelErrorHistogram=[3683878, 1659, 211, 166, 99, 52, 54, 15, 16, 29, 6, 1, 17, 9, 2, 10, 37, 16, 14, 10, 4, 0, 0, 8, 3, 1, 2, 3, 0, 2, 1, 3, 0, 0, 3, 1, 12, 0, 1, 0, 0, 0, 0, 0, 0, 4, 4, 0, 0, 0, 2, 3, 0, 0, 0, 0, 0, 0, 2, 2, 0, 2, 14, 0, 0, 4, 6, 2, 3, 0, 0, 0, 3, 1, 1, 2, 0, 0, 0, 0, 0, 0, 0, 0, 0, 0, 0, 0, 0, 0, 0, 0, 0, 0, 0, 0, 0, 0, 0, 0, 0, 0, 0, 0, 0, 0, 0, 0, 0, 0, 0, 0, 0, 0, 0, 0, 0, 0, 0, 0, 0, 0, 0, 0, 0, 0, 0, 0, 0, 0, 0, 0, 0, 0, 0, 0, 0, 0, 0, 0, 0, 0, 0, 0, 0, 0, 0, 0, 0, 0, 0, 0, 0, 0, 0, 0, 0, 0, 0, 0, 0, 0, 0, 0, 0, 0, 0, 0, 0, 0, 0, 0, 0, 0, 0, 0, 0, 0, 0, 0, 0, 0, 0, 0, 0, 0, 0, 0, 0, 0, 0, 0, 0, 0, 0, 0, 0, 0, 0, 0, 0, 0, 0, 0, 0, 0, 0, 0, 0, 0, 0, 0, 0, 0, 0, 0, 0, 0, 0, 0, 0, 0, 0, 0, 0, 0, 0, 0, 0, 0, 0, 0, 0, 0, 0, 0, 0, 0, 0, 0, 0, 0, 0, 0, 0, 0, 0, 0, 0, 0, 0, 0, 0, 0, 0, 0]
OpenGL_wall_ms=[14.5931, 14.693, 14.6207, 14.6584, 14.6719, 14.7263, 14.8029, 14.7476, 14.6841, 14.6663, 14.5944, 14.6765, 14.5769, 14.7115, 14.6489, 14.7015]
RTX_wall_ms=[6.2723, 6.2185, 6.2008, 6.2034, 6.226, 6.2122, 6.2388, 6.2099, 6.2184, 6.1895, 6.1858, 6.1775, 6.2315, 6.2178, 6.2067, 6.5537]
RTX_Vulkan_gpu_ms=[5.715232, 5.7128, 5.698112, 5.694496, 5.713568, 5.717248, 5.737024, 5.70512, 5.710176, 5.702752, 5.677536, 5.686656, 5.708256, 5.709696, 5.694784, 5.720832]
OpenGL_GLtimeline_ms=[14.502304, 14.59552, 14.5168, 14.536128, 14.554496, 14.6392, 14.702272, 14.65184, 14.581376, 14.578112, 14.490048, 14.58512, 14.4752, 14.60784, 14.548704, 14.574048]
RTX_GLtimeline_ms=[6.09184, 6.055328, 6.037248, 6.032352, 6.058656, 6.046752, 6.074464, 6.045408, 6.0488, 6.032352, 6.019104, 6.015936, 6.047808, 6.048832, 6.039616, 6.05696]
