scene=Streaming terrain | 56694 triangles | 0 queued chunks; mesh=true; streamedReference=false; entities=true; coverage=true; clouds=true; distant=true; faceLight=true; smoothLight=true; origin=BlockPos{x=-45, y=34, z=-45}
quality=AA=2x, scale=0.5, lensing=true, fine=false, adaptive=true, fastBounds=true, fastFetch=true, emptyCells=true, emptyReach=1024.0, angularCap=0.08, curveFactor=4.0, program=native-quads-selective-16.0; separateMoving=true; profileExperiment=0
width=1280 height=720 camera=(3.0, 83.61999988555908, -20.0) yaw=-2.8500009 pitch=0.60000014
RGB_mean_abs_255=0.0015574363425925927 RGB_RMSE_255=0.14221198151064904 changedPixels=1068 pixelsMaxErrorAbove16=12
maxChannelErrorHistogram=[920532, 797, 82, 78, 23, 7, 13, 8, 7, 11, 11, 3, 4, 7, 5, 0, 0, 0, 0, 0, 0, 0, 0, 7, 1, 0, 0, 0, 0, 0, 0, 0, 0, 0, 0, 0, 0, 0, 0, 0, 0, 0, 0, 0, 0, 0, 0, 0, 0, 0, 0, 0, 0, 0, 0, 0, 0, 0, 0, 0, 0, 0, 0, 0, 0, 0, 0, 0, 0, 0, 0, 0, 0, 0, 0, 0, 0, 0, 0, 0, 0, 0, 0, 0, 0, 0, 0, 0, 0, 2, 2, 0, 0, 0, 0, 0, 0, 0, 0, 0, 0, 0, 0, 0, 0, 0, 0, 0, 0, 0, 0, 0, 0, 0, 0, 0, 0, 0, 0, 0, 0, 0, 0, 0, 0, 0, 0, 0, 0, 0, 0, 0, 0, 0, 0, 0, 0, 0, 0, 0, 0, 0, 0, 0, 0, 0, 0, 0, 0, 0, 0, 0, 0, 0, 0, 0, 0, 0, 0, 0, 0, 0, 0, 0, 0, 0, 0, 0, 0, 0, 0, 0, 0, 0, 0, 0, 0, 0, 0, 0, 0, 0, 0, 0, 0, 0, 0, 0, 0, 0, 0, 0, 0, 0, 0, 0, 0, 0, 0, 0, 0, 0, 0, 0, 0, 0, 0, 0, 0, 0, 0, 0, 0, 0, 0, 0, 0, 0, 0, 0, 0, 0, 0, 0, 0, 0, 0, 0, 0, 0, 0, 0, 0, 0, 0, 0, 0, 0, 0, 0, 0, 0, 0, 0, 0, 0, 0, 0, 0, 0, 0, 0, 0, 0, 0, 0]
OpenGL_wall_ms=[15.6639, 6.2408, 5.9289, 6.4562, 6.3965, 5.9392, 6.0299, 6.2187, 6.09, 6.4242, 6.5203, 6.1209, 6.307, 6.2855, 6.7082, 6.6121]
RTX_wall_ms=[1.5364, 1.4991, 1.53, 1.4763, 1.5809, 1.5289, 1.4956, 1.5179, 1.6307, 1.5013, 1.4799, 1.4697, 1.5415, 1.4728, 1.4803, 1.4895]
RTX_Vulkan_gpu_ms=[1.048192, 1.046016, 1.061728, 1.014048, 1.029344, 1.032288, 1.038528, 1.072736, 1.05984, 1.014016, 1.033632, 1.02944, 1.029248, 1.040064, 1.03024, 1.050016]
OpenGL_GLtimeline_ms=[6.244992, 6.122528, 5.804832, 6.328288, 6.01104, 5.803872, 5.922944, 6.061952, 5.954656, 6.281184, 6.392992, 6.009184, 6.21104, 6.175072, 6.597632, 6.463968]
RTX_GLtimeline_ms=[1.327008, 1.318464, 1.34816, 1.292608, 1.317216, 1.319552, 1.314208, 1.351296, 1.315456, 1.281696, 1.3104, 1.310688, 1.312288, 1.31184, 1.307104, 1.3192]
