scene=Streaming terrain | 56694 triangles | 0 queued chunks; mesh=true; streamedReference=false; entities=true; coverage=true; clouds=true; distant=true; faceLight=true; smoothLight=true; origin=BlockPos{x=-45, y=34, z=-45}
quality=AA=2x, scale=0.5, lensing=true, fine=false, adaptive=true, fastBounds=true, fastFetch=true, emptyCells=true, emptyReach=1024.0, angularCap=0.08, curveFactor=4.0, program=native-horizon-quads
width=2560 height=1440 camera=(3.0, 81.99999988555908, -1.0) yaw=90.0 pitch=0.0
RGB_mean_abs_255=0.0017502170138888888 RGB_RMSE_255=0.12635621334332145 changedPixels=4192 pixelsMaxErrorAbove16=49
maxChannelErrorHistogram=[3682208, 2941, 391, 251, 177, 73, 37, 44, 37, 49, 19, 16, 22, 29, 21, 32, 4, 4, 4, 1, 7, 2, 0, 0, 3, 1, 6, 1, 0, 0, 0, 0, 0, 0, 1, 2, 3, 2, 0, 0, 0, 0, 1, 0, 0, 0, 0, 0, 0, 0, 0, 0, 2, 3, 0, 0, 0, 3, 0, 0, 0, 0, 1, 0, 0, 0, 0, 2, 0, 0, 0, 0, 0, 0, 0, 0, 0, 0, 0, 0, 0, 0, 0, 0, 0, 0, 0, 0, 0, 0, 0, 0, 0, 0, 0, 0, 0, 0, 0, 0, 0, 0, 0, 0, 0, 0, 0, 0, 0, 0, 0, 0, 0, 0, 0, 0, 0, 0, 0, 0, 0, 0, 0, 0, 0, 0, 0, 0, 0, 0, 0, 0, 0, 0, 0, 0, 0, 0, 0, 0, 0, 0, 0, 0, 0, 0, 0, 0, 0, 0, 0, 0, 0, 0, 0, 0, 0, 0, 0, 0, 0, 0, 0, 0, 0, 0, 0, 0, 0, 0, 0, 0, 0, 0, 0, 0, 0, 0, 0, 0, 0, 0, 0, 0, 0, 0, 0, 0, 0, 0, 0, 0, 0, 0, 0, 0, 0, 0, 0, 0, 0, 0, 0, 0, 0, 0, 0, 0, 0, 0, 0, 0, 0, 0, 0, 0, 0, 0, 0, 0, 0, 0, 0, 0, 0, 0, 0, 0, 0, 0, 0, 0, 0, 0, 0, 0, 0, 0, 0, 0, 0, 0, 0, 0, 0, 0, 0, 0, 0, 0, 0, 0, 0, 0, 0, 0]
OpenGL_wall_ms=[22.0593, 22.1379, 22.5355, 22.4097, 22.0761, 22.4148, 22.7273, 22.116, 22.5879, 22.684, 22.2351, 22.316, 22.2168, 22.4311, 22.5916, 22.3333]
RTX_wall_ms=[7.482, 7.4378, 7.4762, 7.4447, 7.4507, 7.4631, 7.4815, 7.4838, 7.4649, 7.4294, 7.5115, 7.5112, 7.4429, 7.4022, 7.429, 7.4162]
RTX_Vulkan_gpu_ms=[6.938624, 6.940448, 6.95424, 6.92928, 6.930784, 6.945408, 6.948416, 6.92576, 6.947808, 6.925056, 6.939648, 6.946432, 6.936448, 6.916512, 6.934656, 6.934112]
OpenGL_GLtimeline_ms=[21.931168, 22.035872, 22.416736, 22.285696, 21.963264, 22.313376, 22.599072, 22.003008, 22.469856, 22.581696, 22.100384, 22.201664, 22.102368, 22.331552, 22.471264, 22.23344]
RTX_GLtimeline_ms=[7.284736, 7.282688, 7.292896, 7.276832, 7.27136, 7.305248, 7.301696, 7.263264, 7.288832, 7.256096, 7.28064, 7.283872, 7.274528, 7.248064, 7.265248, 7.261824]
