scene=Streaming terrain | 6506066 triangles | 0 queued chunks; mesh=true; streamedReference=false; entities=true; coverage=true; clouds=true; distant=true; faceLight=true; smoothLight=true; origin=BlockPos{x=232, y=250, z=170}
quality=AA=2x, scale=1.0, lensing=true, fine=true, adaptive=true, fastBounds=true, fastFetch=true, emptyCells=true, emptyReach=1024.0, angularCap=0.08, curveFactor=4.0, program=native-ellis-wormhole-quads
width=1280 height=720 camera=(200.5, 297.6199998855591, 195.5) yaw=0.0 pitch=0.0
RGB_mean_abs_255=0.0020612702546296295 RGB_RMSE_255=0.20067431896400362 changedPixels=309 pixelsMaxErrorAbove16=31
maxChannelErrorHistogram=[921291, 64, 50, 32, 24, 37, 29, 12, 11, 0, 0, 7, 5, 0, 5, 2, 0, 0, 1, 0, 0, 7, 2, 3, 0, 0, 5, 1, 0, 0, 0, 0, 0, 0, 0, 1, 0, 0, 0, 0, 0, 0, 0, 0, 2, 0, 1, 0, 0, 1, 0, 1, 1, 0, 0, 0, 1, 0, 0, 1, 0, 0, 0, 0, 0, 0, 0, 0, 0, 0, 0, 1, 1, 0, 0, 0, 0, 0, 0, 0, 0, 0, 1, 0, 0, 0, 0, 0, 0, 0, 0, 0, 0, 0, 0, 0, 0, 0, 0, 0, 0, 0, 0, 0, 0, 0, 0, 0, 0, 0, 0, 0, 0, 0, 0, 0, 0, 0, 0, 0, 0, 0, 0, 0, 0, 0, 0, 0, 0, 0, 0, 0, 0, 0, 0, 0, 0, 0, 0, 0, 0, 0, 0, 0, 0, 0, 0, 0, 0, 0, 0, 0, 0, 0, 0, 0, 0, 0, 0, 0, 0, 0, 0, 0, 0, 0, 0, 0, 0, 0, 0, 0, 0, 0, 0, 0, 0, 0, 0, 0, 0, 0, 0, 0, 0, 0, 0, 0, 0, 0, 0, 0, 0, 0, 0, 0, 0, 0, 0, 0, 0, 0, 0, 0, 0, 0, 0, 0, 0, 0, 0, 0, 0, 0, 0, 0, 0, 0, 0, 0, 0, 0, 0, 0, 0, 0, 0, 0, 0, 0, 0, 0, 0, 0, 0, 0, 0, 0, 0, 0, 0, 0, 0, 0, 0, 0, 0, 0, 0, 0, 0, 0, 0, 0, 0, 0]
OpenGL_wall_ms=[36.2005, 34.1707, 32.9443, 33.4132, 34.2645, 33.2975, 32.342, 34.1977, 32.424, 33.9132, 34.0923, 34.87, 34.3123, 33.4008, 33.204, 33.3292]
RTX_wall_ms=[15.1269, 14.5237, 15.0441, 14.5523, 15.226, 14.5069, 15.4232, 15.183, 14.5705, 15.5588, 14.6257, 15.6586, 14.5784, 15.5733, 14.6336, 15.6187]
RTX_Vulkan_gpu_ms=[14.62352, 14.072704, 14.57552, 14.08416, 14.676096, 14.058752, 14.716416, 14.731968, 14.0456, 15.113952, 14.0616, 15.201728, 14.05408, 15.123104, 14.10208, 15.179264]
OpenGL_GLtimeline_ms=[33.84448, 34.061152, 32.822912, 33.29088, 34.043584, 33.169856, 32.110848, 34.08528, 32.309248, 33.812896, 33.866336, 34.759168, 34.067584, 33.29152, 32.994528, 33.224544]
RTX_GLtimeline_ms=[14.9224, 14.357184, 14.855072, 14.372096, 14.964608, 14.330976, 13.147968, 15.014752, 14.330976, 15.3968, 14.347648, 15.483776, 14.334912, 15.404896, 14.387232, 15.454336]
