scene=Streaming terrain | 8211338 triangles | 268 queued chunks; mesh=true; streamedReference=false; entities=true; coverage=true; clouds=true; distant=true; faceLight=true; smoothLight=true; origin=BlockPos{x=94, y=27, z=-107}
quality=AA=4x, scale=0.5, lensing=true, fine=true, adaptive=true, fastBounds=true, fastFetch=true, emptyCells=true, emptyReach=1024.0, angularCap=0.08, curveFactor=4.0, program=native-local-wormhole-quads
width=1280 height=720 camera=(151.54689481653307, 78.29484132419128, -20.589762378596365) yaw=114.153015 pitch=6.5999975
RGB_mean_abs_255=0.02215964988425926 RGB_RMSE_255=0.4244758648474174 changedPixels=14904 pixelsMaxErrorAbove16=135
maxChannelErrorHistogram=[906696, 10195, 1715, 968, 562, 371, 221, 173, 111, 94, 69, 83, 94, 39, 35, 21, 18, 7, 7, 2, 2, 9, 6, 3, 3, 3, 4, 4, 0, 3, 5, 3, 2, 5, 2, 0, 0, 0, 0, 4, 4, 3, 6, 8, 9, 4, 6, 12, 8, 0, 1, 0, 0, 0, 0, 0, 0, 0, 0, 0, 0, 0, 0, 0, 0, 0, 0, 0, 0, 0, 0, 0, 0, 0, 0, 0, 0, 0, 0, 0, 0, 0, 0, 0, 0, 0, 0, 0, 0, 0, 0, 0, 0, 0, 0, 0, 0, 0, 0, 0, 0, 0, 0, 0, 0, 0, 0, 0, 0, 0, 0, 0, 0, 0, 0, 0, 0, 0, 0, 0, 0, 0, 0, 0, 0, 0, 0, 0, 0, 0, 0, 0, 0, 0, 0, 0, 0, 0, 0, 0, 0, 0, 0, 0, 0, 0, 0, 0, 0, 0, 0, 0, 0, 0, 0, 0, 0, 0, 0, 0, 0, 0, 0, 0, 0, 0, 0, 0, 0, 0, 0, 0, 0, 0, 0, 0, 0, 0, 0, 0, 0, 0, 0, 0, 0, 0, 0, 0, 0, 0, 0, 0, 0, 0, 0, 0, 0, 0, 0, 0, 0, 0, 0, 0, 0, 0, 0, 0, 0, 0, 0, 0, 0, 0, 0, 0, 0, 0, 0, 0, 0, 0, 0, 0, 0, 0, 0, 0, 0, 0, 0, 0, 0, 0, 0, 0, 0, 0, 0, 0, 0, 0, 0, 0, 0, 0, 0, 0, 0, 0, 0, 0, 0, 0, 0, 0]
OpenGL_wall_ms=[115.433, 111.3354, 115.4719, 110.3938, 118.6048, 122.5648, 113.516, 122.2472, 112.4689, 115.091, 111.4982, 113.2581, 112.9584, 109.4451, 115.6034, 109.3387]
RTX_wall_ms=[6.1495, 5.8907, 7.6712, 6.0494, 8.2829, 6.177, 9.1417, 6.7136, 8.245, 7.4082, 9.1162, 5.9322, 8.4952, 5.9875, 8.8497, 7.5382]
RTX_Vulkan_gpu_ms=[5.437856, 5.385344, 6.902048, 5.373344, 7.667008, 5.687712, 8.300608, 6.134464, 7.728704, 6.924096, 8.314208, 5.386304, 7.696, 5.374656, 8.159424, 6.911168]
OpenGL_GLtimeline_ms=[113.369664, 111.225664, 115.014304, 110.275936, 118.364096, 122.411424, 113.200928, 122.124736, 112.123424, 114.976352, 111.257024, 113.15184, 112.721472, 109.334144, 115.360992, 109.225984]
RTX_GLtimeline_ms=[5.726848, 5.666656, 7.186496, 5.65472, 7.960032, 5.970176, 1.33648, 6.424608, 5.866656, 7.213088, 6.811488, 5.667968, 8.093792, 5.656544, 1.149056, 5.146784]
