scene=Streaming terrain | 8253030 triangles | 95 queued chunks; mesh=true; streamedReference=false; entities=true; coverage=true; clouds=true; distant=true; faceLight=true; smoothLight=true; origin=BlockPos{x=23, y=33, z=-16}
quality=AA=4x, scale=0.5, lensing=true, fine=true, adaptive=true, fastBounds=true, fastFetch=true, emptyCells=true, emptyReach=1024.0, angularCap=0.08, curveFactor=4.0, program=native-local-wormhole-quads
width=1280 height=720 camera=(151.54689481653307, 78.29484132419128, -20.589762378596365) yaw=114.153015 pitch=6.5999975
RGB_mean_abs_255=0.0064134837962962965 RGB_RMSE_255=0.10777433234756299 changedPixels=9036 pixelsMaxErrorAbove16=1
maxChannelErrorHistogram=[912564, 7603, 836, 379, 119, 49, 27, 0, 7, 6, 6, 0, 2, 0, 0, 0, 1, 1, 0, 0, 0, 0, 0, 0, 0, 0, 0, 0, 0, 0, 0, 0, 0, 0, 0, 0, 0, 0, 0, 0, 0, 0, 0, 0, 0, 0, 0, 0, 0, 0, 0, 0, 0, 0, 0, 0, 0, 0, 0, 0, 0, 0, 0, 0, 0, 0, 0, 0, 0, 0, 0, 0, 0, 0, 0, 0, 0, 0, 0, 0, 0, 0, 0, 0, 0, 0, 0, 0, 0, 0, 0, 0, 0, 0, 0, 0, 0, 0, 0, 0, 0, 0, 0, 0, 0, 0, 0, 0, 0, 0, 0, 0, 0, 0, 0, 0, 0, 0, 0, 0, 0, 0, 0, 0, 0, 0, 0, 0, 0, 0, 0, 0, 0, 0, 0, 0, 0, 0, 0, 0, 0, 0, 0, 0, 0, 0, 0, 0, 0, 0, 0, 0, 0, 0, 0, 0, 0, 0, 0, 0, 0, 0, 0, 0, 0, 0, 0, 0, 0, 0, 0, 0, 0, 0, 0, 0, 0, 0, 0, 0, 0, 0, 0, 0, 0, 0, 0, 0, 0, 0, 0, 0, 0, 0, 0, 0, 0, 0, 0, 0, 0, 0, 0, 0, 0, 0, 0, 0, 0, 0, 0, 0, 0, 0, 0, 0, 0, 0, 0, 0, 0, 0, 0, 0, 0, 0, 0, 0, 0, 0, 0, 0, 0, 0, 0, 0, 0, 0, 0, 0, 0, 0, 0, 0, 0, 0, 0, 0, 0, 0, 0, 0, 0, 0, 0, 0]
OpenGL_wall_ms=[110.3781, 109.0367, 114.4096, 100.647, 113.7197, 115.0909, 113.5101, 111.8774, 106.2188, 110.925, 106.2123, 107.1903, 107.7365, 107.1606, 107.801, 110.7868]
RTX_wall_ms=[7.4269, 6.0778, 7.9611, 6.3385, 10.1383, 9.3605, 9.6647, 6.1439, 9.5594, 6.2746, 9.7077, 6.1587, 7.5313, 6.0666, 9.4119, 6.1697]
RTX_Vulkan_gpu_ms=[6.801824, 5.577536, 7.344352, 5.748512, 9.017248, 8.796064, 8.857792, 5.571872, 8.895616, 5.572256, 8.87952, 5.583968, 6.703904, 5.577728, 8.669504, 5.588608]
OpenGL_GLtimeline_ms=[110.172224, 108.922976, 114.0632, 100.378048, 113.347776, 114.976128, 113.267936, 111.759744, 105.835168, 110.715456, 105.854848, 107.072896, 107.490304, 107.042688, 107.395264, 110.662048]
RTX_GLtimeline_ms=[4.861568, 5.875808, 7.639936, 6.149184, 7.622336, 9.084576, 7.262848, 5.86192, 9.187136, 6.069632, 3.376736, 5.866496, 6.993472, 5.851136, 6.966752, 5.878592]
