scene=Streaming terrain | 8310460 triangles | 0 queued chunks; mesh=true; streamedReference=false; entities=true; coverage=true; clouds=true; distant=true; faceLight=true; smoothLight=true; origin=BlockPos{x=133, y=72, z=-69}
quality=AA=4x, scale=0.5, lensing=true, fine=true, adaptive=true, fastBounds=true, fastFetch=true, emptyCells=true, emptyReach=1024.0, angularCap=0.08, curveFactor=4.0, program=native-local-wormhole-quads
width=1280 height=720 camera=(151.5468948, 86.61999988555908, -20.5897624) yaw=90.0 pitch=5.0
RGB_mean_abs_255=0.010426070601851852 RGB_RMSE_255=0.23558867855430354 changedPixels=8195 pixelsMaxErrorAbove16=33
maxChannelErrorHistogram=[913405, 5831, 932, 529, 263, 132, 129, 70, 49, 51, 57, 30, 27, 14, 15, 20, 13, 6, 2, 0, 2, 3, 1, 3, 1, 0, 2, 2, 0, 0, 0, 0, 0, 0, 0, 0, 0, 0, 0, 2, 2, 0, 3, 2, 0, 0, 1, 1, 0, 0, 0, 0, 0, 0, 0, 0, 0, 0, 0, 0, 0, 0, 0, 0, 0, 0, 0, 0, 0, 0, 0, 0, 0, 0, 0, 0, 0, 0, 0, 0, 0, 0, 0, 0, 0, 0, 0, 0, 0, 0, 0, 0, 0, 0, 0, 0, 0, 0, 0, 0, 0, 0, 0, 0, 0, 0, 0, 0, 0, 0, 0, 0, 0, 0, 0, 0, 0, 0, 0, 0, 0, 0, 0, 0, 0, 0, 0, 0, 0, 0, 0, 0, 0, 0, 0, 0, 0, 0, 0, 0, 0, 0, 0, 0, 0, 0, 0, 0, 0, 0, 0, 0, 0, 0, 0, 0, 0, 0, 0, 0, 0, 0, 0, 0, 0, 0, 0, 0, 0, 0, 0, 0, 0, 0, 0, 0, 0, 0, 0, 0, 0, 0, 0, 0, 0, 0, 0, 0, 0, 0, 0, 0, 0, 0, 0, 0, 0, 0, 0, 0, 0, 0, 0, 0, 0, 0, 0, 0, 0, 0, 0, 0, 0, 0, 0, 0, 0, 0, 0, 0, 0, 0, 0, 0, 0, 0, 0, 0, 0, 0, 0, 0, 0, 0, 0, 0, 0, 0, 0, 0, 0, 0, 0, 0, 0, 0, 0, 0, 0, 0, 0, 0, 0, 0, 0, 0]
OpenGL_wall_ms=[104.0594, 111.4944, 100.9128, 103.4795, 99.8931, 101.6163, 98.5955, 97.822, 96.9568, 107.2778, 99.1091, 101.4519, 102.3224, 99.8929, 106.7248, 99.7506]
RTX_wall_ms=[5.5599, 4.6601, 5.5748, 5.0022, 6.5971, 5.4919, 5.6854, 5.4086, 5.2759, 4.6038, 5.5784, 5.848, 5.6286, 4.5775, 5.9457, 5.4281]
RTX_Vulkan_gpu_ms=[4.931808, 4.14464, 5.04112, 4.121824, 5.104896, 5.03696, 4.983776, 4.86304, 4.636352, 4.1272, 4.945696, 5.124608, 5.068768, 4.101504, 5.142464, 4.854816]
OpenGL_GLtimeline_ms=[103.889408, 111.338944, 100.624928, 103.358848, 99.63376, 101.51568, 98.220448, 97.715104, 96.662368, 107.176256, 98.729056, 100.497088, 102.07952, 99.792096, 106.469856, 99.639232]
RTX_GLtimeline_ms=[5.216896, 4.429824, 2.119104, 4.403328, 4.766496, 3.798144, 0.448512, 5.144512, 4.958016, 4.410592, 5.236288, 5.650112, 3.806368, 4.387328, 2.562784, 5.13952]
