scene=Streaming terrain | 8337552 triangles | 0 queued chunks; mesh=true; streamedReference=false; entities=true; coverage=true; clouds=true; distant=true; faceLight=true; smoothLight=true; origin=BlockPos{x=133, y=72, z=-69}
quality=AA=4x, scale=0.5, lensing=true, fine=true, adaptive=true, fastBounds=true, fastFetch=true, emptyCells=true, emptyReach=1024.0, angularCap=0.08, curveFactor=4.0, program=native-local-wormhole-quads
width=1280 height=720 camera=(151.5468948, 86.61999988555908, -20.5897624) yaw=90.0 pitch=5.0
RGB_mean_abs_255=0.01025535300925926 RGB_RMSE_255=0.23279016640329564 changedPixels=8153 pixelsMaxErrorAbove16=36
maxChannelErrorHistogram=[913447, 5837, 891, 516, 275, 148, 127, 77, 44, 49, 44, 26, 27, 14, 16, 14, 12, 5, 2, 4, 2, 4, 0, 3, 1, 0, 2, 2, 0, 0, 0, 0, 0, 0, 0, 0, 0, 0, 0, 2, 2, 0, 3, 2, 0, 0, 1, 1, 0, 0, 0, 0, 0, 0, 0, 0, 0, 0, 0, 0, 0, 0, 0, 0, 0, 0, 0, 0, 0, 0, 0, 0, 0, 0, 0, 0, 0, 0, 0, 0, 0, 0, 0, 0, 0, 0, 0, 0, 0, 0, 0, 0, 0, 0, 0, 0, 0, 0, 0, 0, 0, 0, 0, 0, 0, 0, 0, 0, 0, 0, 0, 0, 0, 0, 0, 0, 0, 0, 0, 0, 0, 0, 0, 0, 0, 0, 0, 0, 0, 0, 0, 0, 0, 0, 0, 0, 0, 0, 0, 0, 0, 0, 0, 0, 0, 0, 0, 0, 0, 0, 0, 0, 0, 0, 0, 0, 0, 0, 0, 0, 0, 0, 0, 0, 0, 0, 0, 0, 0, 0, 0, 0, 0, 0, 0, 0, 0, 0, 0, 0, 0, 0, 0, 0, 0, 0, 0, 0, 0, 0, 0, 0, 0, 0, 0, 0, 0, 0, 0, 0, 0, 0, 0, 0, 0, 0, 0, 0, 0, 0, 0, 0, 0, 0, 0, 0, 0, 0, 0, 0, 0, 0, 0, 0, 0, 0, 0, 0, 0, 0, 0, 0, 0, 0, 0, 0, 0, 0, 0, 0, 0, 0, 0, 0, 0, 0, 0, 0, 0, 0, 0, 0, 0, 0, 0, 0]
OpenGL_wall_ms=[102.9226, 100.3706, 105.5009, 105.1331, 101.6621, 105.3306, 100.5832, 101.3559, 97.5052, 100.7607, 106.6456, 94.9455, 96.164, 102.6725, 103.863, 104.4604]
RTX_wall_ms=[5.8517, 4.5984, 5.6999, 4.5571, 5.8061, 4.6234, 5.7258, 4.5708, 5.6454, 4.8154, 6.0055, 4.645, 5.9704, 5.5167, 5.7245, 4.5727]
RTX_Vulkan_gpu_ms=[5.188, 4.113312, 5.058688, 4.07584, 4.999968, 4.123008, 5.161664, 4.08528, 5.000384, 4.104576, 5.183008, 4.082592, 5.149376, 4.961696, 5.069632, 4.095264]
OpenGL_GLtimeline_ms=[102.797824, 100.265472, 105.25232, 105.026976, 101.369696, 105.230144, 100.129024, 101.248928, 97.252128, 100.644992, 106.401984, 94.796832, 95.920256, 102.568896, 103.523424, 104.036832]
RTX_GLtimeline_ms=[3.931168, 4.403232, 3.906112, 4.36336, 5.319168, 4.406816, 2.294624, 4.371584, 5.365632, 4.398976, 4.125952, 4.377824, 4.104224, 5.244128, 3.892032, 4.383584]
