comparison=legacy voxel/height/light versus placeholders; both OpenGL; opengl.png=legacy, rtx.png=placeholders; Vulkan timing unused
scene=Streaming terrain | 8310456 triangles | 22 queued chunks; mesh=true; streamedReference=false; entities=true; coverage=true; clouds=true; distant=true; faceLight=true; smoothLight=true; origin=BlockPos{x=133, y=72, z=-69}
quality=AA=4x, scale=0.5, lensing=true, fine=true, adaptive=true, fastBounds=true, fastFetch=true, emptyCells=true, emptyReach=1024.0, angularCap=0.08, curveFactor=4.0, program=native-local-wormhole-quads
width=1280 height=720 camera=(151.5468948, 86.61999988555908, -20.5897624) yaw=90.0 pitch=5.0
RGB_mean_abs_255=0.0 RGB_RMSE_255=0.0 changedPixels=0 pixelsMaxErrorAbove16=0
maxChannelErrorHistogram=[921600, 0, 0, 0, 0, 0, 0, 0, 0, 0, 0, 0, 0, 0, 0, 0, 0, 0, 0, 0, 0, 0, 0, 0, 0, 0, 0, 0, 0, 0, 0, 0, 0, 0, 0, 0, 0, 0, 0, 0, 0, 0, 0, 0, 0, 0, 0, 0, 0, 0, 0, 0, 0, 0, 0, 0, 0, 0, 0, 0, 0, 0, 0, 0, 0, 0, 0, 0, 0, 0, 0, 0, 0, 0, 0, 0, 0, 0, 0, 0, 0, 0, 0, 0, 0, 0, 0, 0, 0, 0, 0, 0, 0, 0, 0, 0, 0, 0, 0, 0, 0, 0, 0, 0, 0, 0, 0, 0, 0, 0, 0, 0, 0, 0, 0, 0, 0, 0, 0, 0, 0, 0, 0, 0, 0, 0, 0, 0, 0, 0, 0, 0, 0, 0, 0, 0, 0, 0, 0, 0, 0, 0, 0, 0, 0, 0, 0, 0, 0, 0, 0, 0, 0, 0, 0, 0, 0, 0, 0, 0, 0, 0, 0, 0, 0, 0, 0, 0, 0, 0, 0, 0, 0, 0, 0, 0, 0, 0, 0, 0, 0, 0, 0, 0, 0, 0, 0, 0, 0, 0, 0, 0, 0, 0, 0, 0, 0, 0, 0, 0, 0, 0, 0, 0, 0, 0, 0, 0, 0, 0, 0, 0, 0, 0, 0, 0, 0, 0, 0, 0, 0, 0, 0, 0, 0, 0, 0, 0, 0, 0, 0, 0, 0, 0, 0, 0, 0, 0, 0, 0, 0, 0, 0, 0, 0, 0, 0, 0, 0, 0, 0, 0, 0, 0, 0, 0]
OpenGL_wall_ms=[104.3788, 102.9944, 101.9781, 100.0458, 97.8446, 96.6032, 101.2896, 101.8383, 103.4437, 104.7581, 96.7207, 99.7797, 102.5468, 95.6636, 97.424, 100.9226]
RTX_wall_ms=[91.381, 94.0564, 100.2404, 103.5145, 95.2479, 103.3278, 96.332, 100.7124, 100.7941, 103.4959, 100.3482, 97.0228, 97.8761, 98.0504, 103.5865, 96.2264]
RTX_Vulkan_gpu_ms=[0.0, 0.0, 0.0, 0.0, 0.0, 0.0, 0.0, 0.0, 0.0, 0.0, 0.0, 0.0, 0.0, 0.0, 0.0, 0.0]
OpenGL_GLtimeline_ms=[103.96048, 102.747168, 101.675072, 99.764288, 97.565408, 96.36352, 100.940672, 101.5936, 103.20304, 104.382816, 96.472928, 99.16496, 102.27488, 95.2904, 97.156928, 100.553408]
RTX_GLtimeline_ms=[91.075392, 93.80576, 99.874208, 103.248064, 94.971968, 103.072512, 96.083072, 100.436064, 100.559072, 103.143456, 100.109888, 96.778848, 97.631968, 97.800992, 103.256064, 95.992384]
