scene=Streaming terrain | 6615872 triangles | 0 queued chunks; mesh=true; streamedReference=false; entities=true; coverage=true; clouds=true; distant=true; faceLight=true; smoothLight=true; origin=BlockPos{x=413, y=122, z=-110}
quality=AA=2x, scale=0.5, lensing=true, fine=true, adaptive=true, fastBounds=true, fastFetch=true, emptyCells=true, emptyReach=1024.0, angularCap=0.08, curveFactor=4.0, program=native-mixed-world-quads
width=1280 height=720 camera=(452.5, 212.61999988555908, -174.5) yaw=0.0 pitch=45.0
RGB_mean_abs_255=6.763599537037037E-5 RGB_RMSE_255=0.011615089363665091 changedPixels=54 pixelsMaxErrorAbove16=0
maxChannelErrorHistogram=[921546, 41, 6, 5, 1, 1, 0, 0, 0, 0, 0, 0, 0, 0, 0, 0, 0, 0, 0, 0, 0, 0, 0, 0, 0, 0, 0, 0, 0, 0, 0, 0, 0, 0, 0, 0, 0, 0, 0, 0, 0, 0, 0, 0, 0, 0, 0, 0, 0, 0, 0, 0, 0, 0, 0, 0, 0, 0, 0, 0, 0, 0, 0, 0, 0, 0, 0, 0, 0, 0, 0, 0, 0, 0, 0, 0, 0, 0, 0, 0, 0, 0, 0, 0, 0, 0, 0, 0, 0, 0, 0, 0, 0, 0, 0, 0, 0, 0, 0, 0, 0, 0, 0, 0, 0, 0, 0, 0, 0, 0, 0, 0, 0, 0, 0, 0, 0, 0, 0, 0, 0, 0, 0, 0, 0, 0, 0, 0, 0, 0, 0, 0, 0, 0, 0, 0, 0, 0, 0, 0, 0, 0, 0, 0, 0, 0, 0, 0, 0, 0, 0, 0, 0, 0, 0, 0, 0, 0, 0, 0, 0, 0, 0, 0, 0, 0, 0, 0, 0, 0, 0, 0, 0, 0, 0, 0, 0, 0, 0, 0, 0, 0, 0, 0, 0, 0, 0, 0, 0, 0, 0, 0, 0, 0, 0, 0, 0, 0, 0, 0, 0, 0, 0, 0, 0, 0, 0, 0, 0, 0, 0, 0, 0, 0, 0, 0, 0, 0, 0, 0, 0, 0, 0, 0, 0, 0, 0, 0, 0, 0, 0, 0, 0, 0, 0, 0, 0, 0, 0, 0, 0, 0, 0, 0, 0, 0, 0, 0, 0, 0, 0, 0, 0, 0, 0, 0]
OpenGL_wall_ms=[6.4099, 3.9859, 4.013, 4.3375, 4.19, 4.0474, 3.8974, 3.9401, 3.8643, 3.9395, 3.8853, 3.7864, 3.9764, 3.9276, 3.9052, 3.933]
RTX_wall_ms=[0.7464, 0.71, 0.7268, 0.8425, 0.7146, 0.6972, 0.716, 0.6845, 0.7112, 0.6944, 0.7952, 0.6813, 0.7284, 0.7194, 0.7498, 0.7261]
RTX_Vulkan_gpu_ms=[0.258272, 0.25632, 0.264928, 0.260864, 0.257728, 0.259872, 0.262592, 0.253792, 0.257728, 0.256512, 0.268704, 0.2552, 0.259104, 0.256864, 0.277696, 0.25488]
OpenGL_GLtimeline_ms=[3.82704, 3.854912, 3.87728, 3.915008, 3.796896, 3.936768, 3.790272, 3.83152, 3.734336, 3.834816, 3.770592, 3.693376, 3.876512, 3.833856, 3.798016, 3.829056]
RTX_GLtimeline_ms=[0.52544, 0.52224, 0.52928, 0.654432, 0.520608, 0.516096, 0.528832, 0.50448, 0.524352, 0.512736, 0.539328, 0.502784, 0.542752, 0.531904, 0.56224, 0.530496]
