scene=Streaming terrain | 6236482 triangles | 0 queued chunks; mesh=true; streamedReference=false; entities=true; coverage=true; clouds=true; distant=true; faceLight=true; smoothLight=true; origin=BlockPos{x=-32, y=254, z=-33}
quality=AA=2x, scale=0.5, lensing=true, fine=false, adaptive=true, fastBounds=true, fastFetch=true, emptyCells=true, emptyReach=1024.0, angularCap=0.08, curveFactor=4.0, program=native-quads-selective-16.0; separateMoving=true; profileExperiment=0
width=2560 height=1440 camera=(32.5, 303.6199998855591, -45.5) yaw=0.281 pitch=0.91
RGB_mean_abs_255=4.196506076388889E-4 RGB_RMSE_255=0.07984620180877132 changedPixels=1378 pixelsMaxErrorAbove16=8
maxChannelErrorHistogram=[3685022, 1027, 126, 97, 23, 45, 19, 7, 0, 4, 3, 3, 4, 4, 2, 2, 4, 0, 0, 0, 0, 0, 0, 0, 0, 0, 0, 0, 0, 0, 0, 0, 0, 0, 0, 0, 0, 0, 1, 0, 0, 0, 1, 0, 0, 0, 0, 0, 0, 0, 1, 2, 0, 0, 0, 0, 0, 0, 1, 2, 0, 0, 0, 0, 0, 0, 0, 0, 0, 0, 0, 0, 0, 0, 0, 0, 0, 0, 0, 0, 0, 0, 0, 0, 0, 0, 0, 0, 0, 0, 0, 0, 0, 0, 0, 0, 0, 0, 0, 0, 0, 0, 0, 0, 0, 0, 0, 0, 0, 0, 0, 0, 0, 0, 0, 0, 0, 0, 0, 0, 0, 0, 0, 0, 0, 0, 0, 0, 0, 0, 0, 0, 0, 0, 0, 0, 0, 0, 0, 0, 0, 0, 0, 0, 0, 0, 0, 0, 0, 0, 0, 0, 0, 0, 0, 0, 0, 0, 0, 0, 0, 0, 0, 0, 0, 0, 0, 0, 0, 0, 0, 0, 0, 0, 0, 0, 0, 0, 0, 0, 0, 0, 0, 0, 0, 0, 0, 0, 0, 0, 0, 0, 0, 0, 0, 0, 0, 0, 0, 0, 0, 0, 0, 0, 0, 0, 0, 0, 0, 0, 0, 0, 0, 0, 0, 0, 0, 0, 0, 0, 0, 0, 0, 0, 0, 0, 0, 0, 0, 0, 0, 0, 0, 0, 0, 0, 0, 0, 0, 0, 0, 0, 0, 0, 0, 0, 0, 0, 0, 0, 0, 0, 0, 0, 0, 0]
OpenGL_wall_ms=[10.4401, 10.3682, 10.1401, 10.3175, 10.1852, 10.23, 10.5896, 10.6472, 10.3514, 10.3972, 10.3167, 10.5731, 10.2978, 10.2749, 10.1944, 10.257]
RTX_wall_ms=[3.4429, 3.4257, 3.4337, 3.406, 3.4371, 3.4033, 3.4268, 3.4083, 3.427, 3.4109, 3.4332, 3.3978, 3.4561, 3.3875, 3.4082, 3.4088]
RTX_Vulkan_gpu_ms=[2.947136, 2.945536, 2.944384, 2.942912, 2.947104, 2.945312, 2.947072, 2.944768, 2.950304, 2.937312, 2.948832, 2.937792, 2.943872, 2.937056, 2.941824, 2.949536]
OpenGL_GLtimeline_ms=[10.316256, 10.273248, 10.054144, 10.2176, 10.07968, 10.143456, 10.474112, 10.544672, 10.24048, 10.279424, 10.212896, 10.476832, 10.18512, 10.189344, 10.09824, 10.167936]
RTX_GLtimeline_ms=[3.266656, 3.271744, 3.27072, 3.256352, 3.285824, 3.268704, 3.268736, 3.255232, 3.269728, 3.258176, 3.270688, 3.249216, 3.30832, 3.250336, 3.266688, 3.25952]
