scene=Streaming terrain | 56578 triangles | 0 queued chunks; mesh=true; streamedReference=false; entities=true; coverage=true; clouds=true; distant=true; faceLight=true; smoothLight=true; origin=BlockPos{x=-45, y=34, z=-45}
quality=AA=2x, scale=0.5, lensing=true, fine=false, adaptive=true, fastBounds=true, fastFetch=true, emptyCells=true, emptyReach=1024.0, angularCap=0.08, curveFactor=4.0, program=native-body-quads-selective-16.0; separateMoving=true; profileExperiment=0
width=2560 height=1440 camera=(0.4, 82.41999988555908, 1.0) yaw=-43.0 pitch=18.0
RGB_mean_abs_255=6.050166377314814E-4 RGB_RMSE_255=0.06588558821892466 changedPixels=1506 pixelsMaxErrorAbove16=25
maxChannelErrorHistogram=[3684894, 1103, 110, 77, 53, 29, 29, 20, 8, 2, 6, 11, 8, 6, 2, 12, 5, 1, 6, 2, 0, 0, 0, 8, 0, 0, 1, 3, 0, 0, 0, 2, 2, 0, 0, 0, 0, 0, 0, 0, 0, 0, 0, 0, 0, 0, 0, 0, 0, 0, 0, 0, 0, 0, 0, 0, 0, 0, 0, 0, 0, 0, 0, 0, 0, 0, 0, 0, 0, 0, 0, 0, 0, 0, 0, 0, 0, 0, 0, 0, 0, 0, 0, 0, 0, 0, 0, 0, 0, 0, 0, 0, 0, 0, 0, 0, 0, 0, 0, 0, 0, 0, 0, 0, 0, 0, 0, 0, 0, 0, 0, 0, 0, 0, 0, 0, 0, 0, 0, 0, 0, 0, 0, 0, 0, 0, 0, 0, 0, 0, 0, 0, 0, 0, 0, 0, 0, 0, 0, 0, 0, 0, 0, 0, 0, 0, 0, 0, 0, 0, 0, 0, 0, 0, 0, 0, 0, 0, 0, 0, 0, 0, 0, 0, 0, 0, 0, 0, 0, 0, 0, 0, 0, 0, 0, 0, 0, 0, 0, 0, 0, 0, 0, 0, 0, 0, 0, 0, 0, 0, 0, 0, 0, 0, 0, 0, 0, 0, 0, 0, 0, 0, 0, 0, 0, 0, 0, 0, 0, 0, 0, 0, 0, 0, 0, 0, 0, 0, 0, 0, 0, 0, 0, 0, 0, 0, 0, 0, 0, 0, 0, 0, 0, 0, 0, 0, 0, 0, 0, 0, 0, 0, 0, 0, 0, 0, 0, 0, 0, 0, 0, 0, 0, 0, 0, 0]
OpenGL_wall_ms=[8.7826, 8.7444, 8.765, 8.7846, 8.7558, 8.7272, 8.7547, 8.7038, 8.7121, 8.7804, 8.786, 8.8119, 8.7315, 8.8147, 8.6942, 8.738]
RTX_wall_ms=[3.2805, 3.282, 3.2686, 3.2459, 3.2649, 3.2667, 3.2491, 3.2407, 3.2887, 3.2414, 3.2595, 3.2501, 3.2819, 3.2759, 3.2641, 3.246]
RTX_Vulkan_gpu_ms=[2.767392, 2.7648, 2.758144, 2.757952, 2.7568, 2.769376, 2.760992, 2.770528, 2.761344, 2.759392, 2.757344, 2.75904, 2.77168, 2.771104, 2.771424, 2.760736]
OpenGL_GLtimeline_ms=[8.659296, 8.655008, 8.671616, 8.67168, 8.646048, 8.633792, 8.660416, 8.604992, 8.59488, 8.67968, 8.65408, 8.676832, 8.621504, 8.709568, 8.583648, 8.623552]
RTX_GLtimeline_ms=[3.100704, 3.1376, 3.093472, 3.087712, 3.092448, 3.098688, 3.094528, 3.097344, 3.104864, 3.084896, 3.093248, 3.089504, 3.108064, 3.118976, 3.107552, 3.097952]
