scene=Streaming terrain | 55102 triangles | 0 queued chunks; mesh=true; streamedReference=false; entities=true; coverage=true; clouds=true; distant=true; faceLight=true; smoothLight=true; origin=BlockPos{x=-33, y=43, z=-62}
quality=AA=2x, scale=0.5, lensing=true, fine=false, adaptive=true, fastBounds=true, fastFetch=true, emptyCells=true, emptyReach=1024.0, angularCap=0.08, curveFactor=4.0, program=native-horizon-quads
width=2560 height=1440 camera=(5.0, 81.99999988555908, 2.0) yaw=0.0 pitch=0.0
RGB_mean_abs_255=5.733687789351852E-4 RGB_RMSE_255=0.0786021309775566 changedPixels=928 pixelsMaxErrorAbove16=40
maxChannelErrorHistogram=[3685472, 477, 152, 104, 43, 37, 30, 5, 21, 7, 5, 3, 0, 0, 0, 0, 4, 7, 1, 1, 2, 2, 0, 4, 0, 2, 1, 0, 3, 1, 0, 0, 4, 5, 3, 0, 0, 0, 0, 0, 0, 0, 0, 0, 0, 0, 0, 0, 0, 0, 0, 0, 0, 0, 0, 0, 0, 0, 0, 0, 0, 0, 0, 4, 0, 0, 0, 0, 0, 0, 0, 0, 0, 0, 0, 0, 0, 0, 0, 0, 0, 0, 0, 0, 0, 0, 0, 0, 0, 0, 0, 0, 0, 0, 0, 0, 0, 0, 0, 0, 0, 0, 0, 0, 0, 0, 0, 0, 0, 0, 0, 0, 0, 0, 0, 0, 0, 0, 0, 0, 0, 0, 0, 0, 0, 0, 0, 0, 0, 0, 0, 0, 0, 0, 0, 0, 0, 0, 0, 0, 0, 0, 0, 0, 0, 0, 0, 0, 0, 0, 0, 0, 0, 0, 0, 0, 0, 0, 0, 0, 0, 0, 0, 0, 0, 0, 0, 0, 0, 0, 0, 0, 0, 0, 0, 0, 0, 0, 0, 0, 0, 0, 0, 0, 0, 0, 0, 0, 0, 0, 0, 0, 0, 0, 0, 0, 0, 0, 0, 0, 0, 0, 0, 0, 0, 0, 0, 0, 0, 0, 0, 0, 0, 0, 0, 0, 0, 0, 0, 0, 0, 0, 0, 0, 0, 0, 0, 0, 0, 0, 0, 0, 0, 0, 0, 0, 0, 0, 0, 0, 0, 0, 0, 0, 0, 0, 0, 0, 0, 0, 0, 0, 0, 0, 0, 0]
OpenGL_wall_ms=[6.4101, 6.4289, 6.3603, 6.3612, 6.41, 6.2906, 6.3102, 6.3442, 6.3447, 6.3212, 6.2819, 6.3691, 6.3646, 6.2474, 6.3482, 6.3578]
RTX_wall_ms=[3.4805, 3.0926, 3.1319, 3.1085, 3.1109, 3.089, 3.1872, 3.1058, 3.0914, 3.0992, 3.1108, 3.0879, 3.0908, 3.0689, 3.083, 3.0717]
RTX_Vulkan_gpu_ms=[2.824448, 2.600768, 2.598016, 2.596704, 2.604704, 2.604256, 2.591616, 2.6128, 2.592416, 2.598656, 2.6, 2.5944, 2.595136, 2.58864, 2.594816, 2.596064]
OpenGL_GLtimeline_ms=[6.309824, 6.338976, 6.271328, 6.26384, 6.300448, 6.202144, 6.21632, 6.238656, 6.254976, 6.232384, 6.196864, 6.278592, 6.279648, 6.155328, 6.242752, 6.270432]
RTX_GLtimeline_ms=[1.844256, 2.924704, 2.929344, 2.921536, 2.944032, 2.931488, 3.031808, 2.948128, 2.926656, 2.931904, 2.935168, 2.922496, 2.923744, 2.916256, 2.92352, 2.919488]
