scene=Streaming terrain | 56694 triangles | 0 queued chunks; mesh=true; streamedReference=false; entities=true; coverage=true; clouds=true; distant=true; faceLight=true; smoothLight=true; origin=BlockPos{x=-45, y=34, z=-45}
quality=AA=2x, scale=0.5, lensing=true, fine=false, adaptive=true, fastBounds=true, fastFetch=true, emptyCells=true, emptyReach=1024.0, angularCap=0.08, curveFactor=4.0, program=native-horizon-quads
width=1280 height=720 camera=(3.0, 81.99999988555908, 0.0) yaw=90.0 pitch=0.0
RGB_mean_abs_255=0.0016927083333333334 RGB_RMSE_255=0.16705250477574962 changedPixels=565 pixelsMaxErrorAbove16=28
maxChannelErrorHistogram=[921035, 301, 50, 59, 37, 2, 11, 6, 6, 1, 3, 14, 25, 18, 0, 1, 3, 0, 0, 0, 0, 1, 2, 1, 0, 0, 0, 0, 0, 0, 0, 0, 0, 0, 0, 0, 0, 0, 0, 0, 0, 0, 0, 0, 12, 4, 0, 0, 8, 0, 0, 0, 0, 0, 0, 0, 0, 0, 0, 0, 0, 0, 0, 0, 0, 0, 0, 0, 0, 0, 0, 0, 0, 0, 0, 0, 0, 0, 0, 0, 0, 0, 0, 0, 0, 0, 0, 0, 0, 0, 0, 0, 0, 0, 0, 0, 0, 0, 0, 0, 0, 0, 0, 0, 0, 0, 0, 0, 0, 0, 0, 0, 0, 0, 0, 0, 0, 0, 0, 0, 0, 0, 0, 0, 0, 0, 0, 0, 0, 0, 0, 0, 0, 0, 0, 0, 0, 0, 0, 0, 0, 0, 0, 0, 0, 0, 0, 0, 0, 0, 0, 0, 0, 0, 0, 0, 0, 0, 0, 0, 0, 0, 0, 0, 0, 0, 0, 0, 0, 0, 0, 0, 0, 0, 0, 0, 0, 0, 0, 0, 0, 0, 0, 0, 0, 0, 0, 0, 0, 0, 0, 0, 0, 0, 0, 0, 0, 0, 0, 0, 0, 0, 0, 0, 0, 0, 0, 0, 0, 0, 0, 0, 0, 0, 0, 0, 0, 0, 0, 0, 0, 0, 0, 0, 0, 0, 0, 0, 0, 0, 0, 0, 0, 0, 0, 0, 0, 0, 0, 0, 0, 0, 0, 0, 0, 0, 0, 0, 0, 0, 0, 0, 0, 0, 0, 0]
OpenGL_wall_ms=[2.6673, 2.8119, 2.5139, 2.5065, 2.5221, 2.5358, 2.5162, 2.5039, 2.5181, 2.5336, 2.7987, 2.4904, 2.8942, 2.5481, 2.4335, 2.4858]
RTX_wall_ms=[1.2359, 1.2466, 1.2538, 1.2027, 1.2421, 1.2019, 1.2643, 1.1598, 1.1864, 1.179, 1.1868, 1.1863, 1.3702, 1.3071, 1.1688, 1.1689]
RTX_Vulkan_gpu_ms=[0.759872, 0.786752, 0.779072, 0.762848, 0.772224, 0.78752, 0.762848, 0.765152, 0.762912, 0.76192, 0.752192, 0.76704, 0.77648, 0.7808, 0.761888, 0.767456]
OpenGL_GLtimeline_ms=[2.538528, 2.590016, 2.417664, 2.402784, 2.4136, 2.446432, 2.425568, 2.412064, 2.429632, 2.444704, 2.376448, 2.400288, 2.45392, 2.460096, 2.346048, 2.399328]
RTX_GLtimeline_ms=[1.031168, 1.057984, 1.073184, 1.03728, 1.03136, 1.044768, 1.034336, 1.01184, 1.036384, 1.034464, 0.067616, 1.04096, 1.187904, 0.067744, 1.02096, 1.028256]
