scene=Streaming terrain | 6030390 triangles | 0 queued chunks; mesh=true; streamedReference=false; entities=true; coverage=true; clouds=true; distant=true; faceLight=true; smoothLight=true; origin=BlockPos{x=413, y=122, z=-110}
quality=AA=2x, scale=1.0, lensing=true, fine=true, adaptive=true, fastBounds=true, fastFetch=true, emptyCells=true, emptyReach=1024.0, angularCap=0.08, curveFactor=4.0, program=native-mixed-world-quads
width=1280 height=720 camera=(485.5, 170.99999988555908, -110.5) yaw=10.0 pitch=10.0
RGB_mean_abs_255=0.0033951822916666666 RGB_RMSE_255=0.27971611042368577 changedPixels=1279 pixelsMaxErrorAbove16=54
maxChannelErrorHistogram=[920321, 810, 61, 108, 76, 40, 24, 31, 14, 12, 13, 8, 7, 10, 4, 4, 3, 4, 0, 3, 3, 4, 4, 7, 5, 0, 3, 1, 1, 0, 2, 2, 0, 1, 1, 0, 2, 0, 1, 0, 0, 0, 0, 0, 0, 1, 0, 0, 1, 0, 0, 0, 0, 1, 0, 0, 0, 0, 1, 0, 0, 1, 0, 0, 0, 1, 0, 1, 0, 0, 0, 1, 0, 0, 0, 0, 0, 0, 0, 0, 0, 0, 0, 0, 0, 0, 0, 0, 0, 0, 0, 0, 0, 0, 0, 0, 0, 0, 0, 0, 0, 0, 0, 0, 0, 0, 0, 0, 0, 0, 0, 0, 0, 0, 0, 0, 0, 0, 0, 0, 0, 0, 0, 0, 0, 0, 0, 0, 2, 0, 0, 0, 0, 0, 0, 0, 0, 0, 0, 0, 0, 0, 0, 0, 0, 0, 0, 0, 0, 0, 0, 0, 0, 0, 0, 0, 0, 0, 0, 0, 0, 0, 0, 0, 0, 0, 0, 0, 0, 0, 0, 0, 0, 0, 0, 0, 0, 0, 0, 0, 0, 0, 0, 0, 0, 0, 0, 0, 0, 0, 0, 0, 0, 0, 0, 0, 0, 0, 0, 0, 0, 0, 0, 0, 0, 0, 0, 0, 0, 0, 0, 0, 0, 0, 0, 0, 0, 0, 0, 0, 0, 0, 0, 0, 0, 0, 0, 0, 0, 0, 0, 0, 0, 0, 0, 0, 0, 0, 0, 0, 0, 0, 0, 0, 0, 0, 0, 0, 0, 0, 0, 0, 0, 0, 0, 0]
OpenGL_wall_ms=[249.1872, 229.4733, 263.0929, 243.4721, 243.5112, 249.5487, 247.0301, 253.4457, 235.1129, 238.8988, 244.9695, 243.2646, 242.2436, 239.2434, 255.0278, 236.7737]
RTX_wall_ms=[30.0237, 30.6127, 31.8872, 27.9761, 31.9304, 30.5854, 35.8446, 29.4193, 29.3769, 30.3621, 49.0118, 42.6084, 44.4739, 29.498, 30.8513, 30.1149]
RTX_Vulkan_gpu_ms=[29.340704, 30.147328, 31.213312, 27.484224, 31.37824, 30.10976, 35.317248, 28.709952, 28.72288, 29.865184, 48.288224, 42.061888, 43.91872, 29.031328, 30.227296, 29.63936]
OpenGL_GLtimeline_ms=[248.960896, 229.356416, 262.872736, 243.353728, 243.285632, 249.43376, 246.792672, 253.311072, 234.882624, 238.78624, 244.452608, 243.151424, 242.02016, 239.1336, 254.802624, 236.661152]
RTX_GLtimeline_ms=[29.621984, 30.42512, 31.486592, 27.778048, 29.925888, 30.394144, 33.856224, 29.048928, 29.002528, 30.1432, 48.741344, 42.33072, 42.444992, 29.311072, 30.513344, 29.923712]
