scene=Streaming terrain | 56694 triangles | 0 queued chunks; mesh=true; streamedReference=false; entities=true; coverage=true; clouds=true; distant=true; faceLight=true; smoothLight=true; origin=BlockPos{x=-45, y=34, z=-45}
quality=AA=2x, scale=0.5, lensing=true, fine=false, adaptive=true, fastBounds=true, fastFetch=true, emptyCells=true, emptyReach=1024.0, angularCap=0.08, curveFactor=4.0, program=native-horizon-quads
width=1280 height=720 camera=(3.0, 81.99999988555908, -1.0) yaw=0.0 pitch=0.0
RGB_mean_abs_255=0.0 RGB_RMSE_255=0.0 changedPixels=0 pixelsMaxErrorAbove16=0
maxChannelErrorHistogram=[921600, 0, 0, 0, 0, 0, 0, 0, 0, 0, 0, 0, 0, 0, 0, 0, 0, 0, 0, 0, 0, 0, 0, 0, 0, 0, 0, 0, 0, 0, 0, 0, 0, 0, 0, 0, 0, 0, 0, 0, 0, 0, 0, 0, 0, 0, 0, 0, 0, 0, 0, 0, 0, 0, 0, 0, 0, 0, 0, 0, 0, 0, 0, 0, 0, 0, 0, 0, 0, 0, 0, 0, 0, 0, 0, 0, 0, 0, 0, 0, 0, 0, 0, 0, 0, 0, 0, 0, 0, 0, 0, 0, 0, 0, 0, 0, 0, 0, 0, 0, 0, 0, 0, 0, 0, 0, 0, 0, 0, 0, 0, 0, 0, 0, 0, 0, 0, 0, 0, 0, 0, 0, 0, 0, 0, 0, 0, 0, 0, 0, 0, 0, 0, 0, 0, 0, 0, 0, 0, 0, 0, 0, 0, 0, 0, 0, 0, 0, 0, 0, 0, 0, 0, 0, 0, 0, 0, 0, 0, 0, 0, 0, 0, 0, 0, 0, 0, 0, 0, 0, 0, 0, 0, 0, 0, 0, 0, 0, 0, 0, 0, 0, 0, 0, 0, 0, 0, 0, 0, 0, 0, 0, 0, 0, 0, 0, 0, 0, 0, 0, 0, 0, 0, 0, 0, 0, 0, 0, 0, 0, 0, 0, 0, 0, 0, 0, 0, 0, 0, 0, 0, 0, 0, 0, 0, 0, 0, 0, 0, 0, 0, 0, 0, 0, 0, 0, 0, 0, 0, 0, 0, 0, 0, 0, 0, 0, 0, 0, 0, 0, 0, 0, 0, 0, 0, 0]
OpenGL_wall_ms=[1.6943, 1.8024, 1.6902, 1.6577, 1.692, 1.694, 1.7037, 1.6674, 1.757, 1.6789, 1.6947, 1.6635, 1.6724, 1.6693, 1.8636, 2.0249]
RTX_wall_ms=[1.6166, 1.8973, 1.6345, 1.6648, 1.6117, 1.4826, 1.5021, 1.495, 1.5803, 1.5966, 1.6478, 1.4975, 1.4886, 1.5094, 1.8783, 1.983]
RTX_Vulkan_gpu_ms=[0.992576, 0.971104, 0.98128, 0.995552, 0.961632, 0.956512, 0.958848, 0.96928, 0.97728, 0.957088, 0.971072, 0.969376, 0.960096, 0.9872, 0.965632, 0.974464]
OpenGL_GLtimeline_ms=[1.57536, 1.554336, 1.570432, 1.560128, 1.599008, 1.597056, 1.608384, 1.57312, 1.663392, 1.580864, 1.598144, 1.560992, 1.576608, 1.571552, 1.560928, 1.572032]
RTX_GLtimeline_ms=[1.335648, 1.298112, 0.0864, 1.374784, 1.338688, 1.331648, 1.343008, 1.344192, 1.422816, 1.441088, 1.338816, 1.3448, 1.333504, 1.35616, 1.606016, 0.464224]
