scene=Streaming terrain | 56694 triangles | 0 queued chunks; mesh=true; streamedReference=false; entities=true; coverage=true; clouds=true; distant=true; faceLight=true; smoothLight=true; origin=BlockPos{x=-45, y=34, z=-45}
quality=AA=2x, scale=0.5, lensing=true, fine=false, adaptive=true, fastBounds=true, fastFetch=true, emptyCells=true, emptyReach=1024.0, angularCap=0.08, curveFactor=4.0, program=native-horizon-quads
width=2560 height=1440 camera=(3.0, 81.99999988555908, 0.0) yaw=90.0 pitch=0.0
RGB_mean_abs_255=6.219256365740741E-4 RGB_RMSE_255=0.10855013029488743 changedPixels=810 pixelsMaxErrorAbove16=34
maxChannelErrorHistogram=[3685590, 443, 89, 64, 77, 10, 13, 8, 11, 9, 4, 18, 20, 7, 0, 1, 2, 0, 0, 0, 0, 0, 0, 0, 0, 10, 0, 0, 0, 0, 0, 0, 0, 0, 0, 0, 0, 0, 0, 0, 0, 0, 0, 2, 6, 0, 2, 1, 7, 0, 0, 2, 0, 0, 0, 0, 0, 0, 0, 0, 0, 0, 0, 0, 0, 0, 0, 0, 0, 0, 0, 0, 0, 0, 0, 0, 0, 0, 0, 0, 0, 0, 0, 0, 0, 0, 0, 0, 0, 0, 0, 0, 0, 0, 0, 4, 0, 0, 0, 0, 0, 0, 0, 0, 0, 0, 0, 0, 0, 0, 0, 0, 0, 0, 0, 0, 0, 0, 0, 0, 0, 0, 0, 0, 0, 0, 0, 0, 0, 0, 0, 0, 0, 0, 0, 0, 0, 0, 0, 0, 0, 0, 0, 0, 0, 0, 0, 0, 0, 0, 0, 0, 0, 0, 0, 0, 0, 0, 0, 0, 0, 0, 0, 0, 0, 0, 0, 0, 0, 0, 0, 0, 0, 0, 0, 0, 0, 0, 0, 0, 0, 0, 0, 0, 0, 0, 0, 0, 0, 0, 0, 0, 0, 0, 0, 0, 0, 0, 0, 0, 0, 0, 0, 0, 0, 0, 0, 0, 0, 0, 0, 0, 0, 0, 0, 0, 0, 0, 0, 0, 0, 0, 0, 0, 0, 0, 0, 0, 0, 0, 0, 0, 0, 0, 0, 0, 0, 0, 0, 0, 0, 0, 0, 0, 0, 0, 0, 0, 0, 0, 0, 0, 0, 0, 0, 0]
OpenGL_wall_ms=[7.4109, 7.3517, 7.399, 7.412, 7.3588, 7.3545, 7.3686, 7.3636, 7.3133, 7.3681, 7.3848, 7.3756, 7.36, 7.3337, 7.3477, 7.3571]
RTX_wall_ms=[3.3466, 3.309, 3.3642, 3.3403, 3.3516, 3.3174, 3.337, 3.3237, 3.3216, 3.3222, 3.3928, 3.3548, 3.3803, 3.3156, 3.3595, 3.3431]
RTX_Vulkan_gpu_ms=[2.841088, 2.8416, 2.851488, 2.854656, 2.85296, 2.84288, 2.850304, 2.840256, 2.841856, 2.836736, 2.853408, 2.867072, 2.875392, 2.8304, 2.864256, 2.86496]
OpenGL_GLtimeline_ms=[7.296704, 7.25392, 7.279072, 7.31136, 7.250368, 7.259392, 7.273888, 7.2704, 7.208416, 7.270976, 7.28912, 7.27184, 7.24944, 7.22576, 7.233952, 7.26192]
RTX_GLtimeline_ms=[3.171264, 3.16112, 3.188768, 3.18336, 3.19216, 3.165248, 3.179296, 3.173408, 3.172384, 3.173344, 3.191328, 3.195776, 3.211616, 3.161184, 3.203104, 3.189824]
