scene=Streaming terrain | 5801458 triangles | 0 queued chunks; mesh=true; streamedReference=true; entities=true; coverage=true; clouds=true; distant=true; faceLight=true; smoothLight=true; origin=BlockPos{x=404, y=164, z=-132}
quality=AA=2x, scale=0.5, lensing=true, fine=true, adaptive=true, fastBounds=true, fastFetch=true, emptyCells=true, emptyReach=1024.0, angularCap=0.08, curveFactor=4.0, program=native-quads-selective-16.0; separateMoving=true; profileExperiment=0
width=1280 height=720 camera=(452.5, 212.61999988555908, -83.7044183362194) yaw=0.0 pitch=0.0
RGB_mean_abs_255=0.0012449363425925926 RGB_RMSE_255=0.09031916786227237 changedPixels=585 pixelsMaxErrorAbove16=11
maxChannelErrorHistogram=[921015, 285, 87, 55, 57, 47, 18, 16, 4, 1, 3, 0, 0, 0, 0, 1, 0, 3, 4, 0, 0, 4, 0, 0, 0, 0, 0, 0, 0, 0, 0, 0, 0, 0, 0, 0, 0, 0, 0, 0, 0, 0, 0, 0, 0, 0, 0, 0, 0, 0, 0, 0, 0, 0, 0, 0, 0, 0, 0, 0, 0, 0, 0, 0, 0, 0, 0, 0, 0, 0, 0, 0, 0, 0, 0, 0, 0, 0, 0, 0, 0, 0, 0, 0, 0, 0, 0, 0, 0, 0, 0, 0, 0, 0, 0, 0, 0, 0, 0, 0, 0, 0, 0, 0, 0, 0, 0, 0, 0, 0, 0, 0, 0, 0, 0, 0, 0, 0, 0, 0, 0, 0, 0, 0, 0, 0, 0, 0, 0, 0, 0, 0, 0, 0, 0, 0, 0, 0, 0, 0, 0, 0, 0, 0, 0, 0, 0, 0, 0, 0, 0, 0, 0, 0, 0, 0, 0, 0, 0, 0, 0, 0, 0, 0, 0, 0, 0, 0, 0, 0, 0, 0, 0, 0, 0, 0, 0, 0, 0, 0, 0, 0, 0, 0, 0, 0, 0, 0, 0, 0, 0, 0, 0, 0, 0, 0, 0, 0, 0, 0, 0, 0, 0, 0, 0, 0, 0, 0, 0, 0, 0, 0, 0, 0, 0, 0, 0, 0, 0, 0, 0, 0, 0, 0, 0, 0, 0, 0, 0, 0, 0, 0, 0, 0, 0, 0, 0, 0, 0, 0, 0, 0, 0, 0, 0, 0, 0, 0, 0, 0, 0, 0, 0, 0, 0, 0]
OpenGL_wall_ms=[8.3533, 5.407101, 5.428599, 5.0719, 5.029001, 5.170799, 5.029, 5.3111, 5.2354, 5.261, 5.116699, 5.282799, 5.475501, 4.9743, 5.058, 5.2392]
RTX_wall_ms=[0.9045, 0.5596, 0.7374, 0.629, 0.6058, 0.548101, 0.6075, 0.5421, 0.658701, 0.5712, 0.604, 0.5437, 0.604601, 0.535299, 0.6815, 0.5377]
RTX_Vulkan_gpu_ms=[0.123616, 0.087008, 0.124928, 0.087936, 0.126464, 0.086976, 0.124896, 0.088736, 0.126912, 0.086528, 0.125664, 0.087968, 0.124992, 0.089312, 0.127904, 0.08672]
OpenGL_GLtimeline_ms=[4.908704, 5.190304, 5.30944, 4.971104, 4.922432, 5.077408, 4.932032, 5.216608, 5.139552, 5.145184, 5.01216, 5.18816, 5.355264, 4.881888, 4.964032, 5.14512]
RTX_GLtimeline_ms=[0.390944, 0.340256, 0.530528, 0.351488, 0.408128, 0.35776, 0.400672, 0.354816, 0.40256, 0.352576, 0.401536, 0.357376, 0.401472, 0.349952, 0.41168, 0.351872]
