scene=Streaming terrain | 4979918 triangles | 176 queued chunks; mesh=true; streamedReference=false; entities=true; coverage=true; clouds=true; distant=true; faceLight=true; smoothLight=true; origin=BlockPos{x=404, y=164, z=-195}
quality=AA=2x, scale=0.5, lensing=true, fine=true, adaptive=true, fastBounds=true, fastFetch=true, emptyCells=true, emptyReach=1024.0, angularCap=0.08, curveFactor=4.0, program=native-quads-selective-16.0; separateMoving=true; profileExperiment=0
width=1280 height=720 camera=(452.5, 212.61999988555908, -80.97115798339563) yaw=0.0 pitch=0.0
RGB_mean_abs_255=6.861255787037037E-4 RGB_RMSE_255=0.03823072771563035 changedPixels=778 pixelsMaxErrorAbove16=0
maxChannelErrorHistogram=[920822, 545, 138, 59, 24, 8, 0, 1, 3, 0, 0, 0, 0, 0, 0, 0, 0, 0, 0, 0, 0, 0, 0, 0, 0, 0, 0, 0, 0, 0, 0, 0, 0, 0, 0, 0, 0, 0, 0, 0, 0, 0, 0, 0, 0, 0, 0, 0, 0, 0, 0, 0, 0, 0, 0, 0, 0, 0, 0, 0, 0, 0, 0, 0, 0, 0, 0, 0, 0, 0, 0, 0, 0, 0, 0, 0, 0, 0, 0, 0, 0, 0, 0, 0, 0, 0, 0, 0, 0, 0, 0, 0, 0, 0, 0, 0, 0, 0, 0, 0, 0, 0, 0, 0, 0, 0, 0, 0, 0, 0, 0, 0, 0, 0, 0, 0, 0, 0, 0, 0, 0, 0, 0, 0, 0, 0, 0, 0, 0, 0, 0, 0, 0, 0, 0, 0, 0, 0, 0, 0, 0, 0, 0, 0, 0, 0, 0, 0, 0, 0, 0, 0, 0, 0, 0, 0, 0, 0, 0, 0, 0, 0, 0, 0, 0, 0, 0, 0, 0, 0, 0, 0, 0, 0, 0, 0, 0, 0, 0, 0, 0, 0, 0, 0, 0, 0, 0, 0, 0, 0, 0, 0, 0, 0, 0, 0, 0, 0, 0, 0, 0, 0, 0, 0, 0, 0, 0, 0, 0, 0, 0, 0, 0, 0, 0, 0, 0, 0, 0, 0, 0, 0, 0, 0, 0, 0, 0, 0, 0, 0, 0, 0, 0, 0, 0, 0, 0, 0, 0, 0, 0, 0, 0, 0, 0, 0, 0, 0, 0, 0, 0, 0, 0, 0, 0, 0]
OpenGL_wall_ms=[9.2755, 7.0506, 7.323, 6.464801, 6.0543, 6.487099, 6.5359, 6.513401, 7.1821, 6.8761, 7.254901, 6.3946, 6.668, 5.6166, 6.598, 5.973601]
RTX_wall_ms=[0.9871, 1.1683, 0.605, 0.542, 0.7321, 1.5388, 0.700199, 0.6726, 0.7052, 0.6339, 0.642901, 0.562499, 0.6058, 0.872601, 1.431901, 0.6337]
RTX_Vulkan_gpu_ms=[0.12624, 0.08496, 0.12384, 0.086144, 0.123584, 0.08512, 0.122592, 0.085792, 0.123392, 0.085728, 0.133824, 0.087456, 0.10976, 0.085792, 0.108096, 0.087712]
OpenGL_GLtimeline_ms=[7.006848, 6.941536, 7.199008, 6.3608, 5.93504, 6.375584, 6.373216, 6.363104, 7.026208, 6.726816, 7.026176, 6.287072, 6.547584, 5.316256, 6.412352, 5.867872]
RTX_GLtimeline_ms=[0.695168, 0.070624, 0.40592, 0.356576, 0.535808, 1.26016, 0.415488, 0.397312, 0.434272, 0.365504, 0.429312, 0.362784, 0.38896, 0.332448, 1.060128, 0.403392]
