scene=Streaming terrain | 5522860 triangles | 151 queued chunks; mesh=true; streamedReference=false; entities=true; coverage=true; clouds=true; distant=true; faceLight=true; smoothLight=true; origin=BlockPos{x=404, y=164, z=-195}
quality=AA=2x, scale=0.5, lensing=true, fine=true, adaptive=true, fastBounds=true, fastFetch=true, emptyCells=true, emptyReach=1024.0, angularCap=0.08, curveFactor=4.0, program=native-mixed-world-quads
width=1280 height=720 camera=(452.5, 212.61999988555908, -108.14536038793554) yaw=0.0 pitch=0.0
RGB_mean_abs_255=1.1031539351851852E-4 RGB_RMSE_255=0.023730803645613578 changedPixels=108 pixelsMaxErrorAbove16=0
maxChannelErrorHistogram=[921492, 97, 1, 6, 0, 0, 0, 0, 1, 0, 0, 3, 0, 0, 0, 0, 0, 0, 0, 0, 0, 0, 0, 0, 0, 0, 0, 0, 0, 0, 0, 0, 0, 0, 0, 0, 0, 0, 0, 0, 0, 0, 0, 0, 0, 0, 0, 0, 0, 0, 0, 0, 0, 0, 0, 0, 0, 0, 0, 0, 0, 0, 0, 0, 0, 0, 0, 0, 0, 0, 0, 0, 0, 0, 0, 0, 0, 0, 0, 0, 0, 0, 0, 0, 0, 0, 0, 0, 0, 0, 0, 0, 0, 0, 0, 0, 0, 0, 0, 0, 0, 0, 0, 0, 0, 0, 0, 0, 0, 0, 0, 0, 0, 0, 0, 0, 0, 0, 0, 0, 0, 0, 0, 0, 0, 0, 0, 0, 0, 0, 0, 0, 0, 0, 0, 0, 0, 0, 0, 0, 0, 0, 0, 0, 0, 0, 0, 0, 0, 0, 0, 0, 0, 0, 0, 0, 0, 0, 0, 0, 0, 0, 0, 0, 0, 0, 0, 0, 0, 0, 0, 0, 0, 0, 0, 0, 0, 0, 0, 0, 0, 0, 0, 0, 0, 0, 0, 0, 0, 0, 0, 0, 0, 0, 0, 0, 0, 0, 0, 0, 0, 0, 0, 0, 0, 0, 0, 0, 0, 0, 0, 0, 0, 0, 0, 0, 0, 0, 0, 0, 0, 0, 0, 0, 0, 0, 0, 0, 0, 0, 0, 0, 0, 0, 0, 0, 0, 0, 0, 0, 0, 0, 0, 0, 0, 0, 0, 0, 0, 0, 0, 0, 0, 0, 0, 0]
OpenGL_wall_ms=[21.6607, 23.4901, 22.100399, 22.231299, 21.4213, 21.7614, 22.1319, 21.928101, 23.168499, 21.3555, 22.65, 22.5884, 22.0992, 22.0593, 22.413399, 21.0547]
RTX_wall_ms=[2.3989, 1.633399, 2.3666, 2.1061, 2.303301, 2.247599, 2.0306, 1.6877, 2.182001, 1.663101, 2.111599, 1.862599, 2.3699, 1.8535, 2.179499, 2.324699]
RTX_Vulkan_gpu_ms=[1.299648, 1.122496, 1.269792, 1.300416, 1.359392, 1.286784, 1.300704, 1.138432, 1.325696, 1.115936, 1.318656, 1.303104, 1.316576, 1.291072, 1.340384, 1.279968]
OpenGL_GLtimeline_ms=[21.223264, 23.38064, 21.875616, 22.011456, 21.196768, 21.562688, 21.9064, 21.806272, 22.950016, 21.231616, 22.407456, 22.47872, 21.880448, 21.949728, 22.152384, 20.847616]
RTX_GLtimeline_ms=[0.070848, 1.384352, 2.038688, 1.827552, 1.75696, 1.98352, 1.69312, 1.402752, 1.852192, 1.381216, 0.383584, 1.572736, 2.017088, 1.561664, 1.871616, 1.985856]
