scene=Streaming terrain | 6261506 triangles | 0 queued chunks; mesh=true; streamedReference=false; entities=true; coverage=true; clouds=true; distant=true; faceLight=true; smoothLight=true; origin=BlockPos{x=-32, y=254, z=-33}
quality=AA=2x, scale=0.5, lensing=true, fine=false, adaptive=true, fastBounds=true, fastFetch=true, emptyCells=true, emptyReach=1024.0, angularCap=0.08, curveFactor=4.0, program=native-quads-selective-16.0; separateMoving=true; profileExperiment=0
width=2560 height=1440 camera=(16.5, 303.6199998855591, -45.5) yaw=0.281 pitch=0.91
RGB_mean_abs_255=2.0091869212962964E-4 RGB_RMSE_255=0.046401933877723164 changedPixels=761 pixelsMaxErrorAbove16=8
maxChannelErrorHistogram=[3685639, 647, 50, 23, 7, 5, 5, 0, 0, 12, 4, 0, 0, 0, 0, 0, 0, 0, 0, 0, 0, 0, 0, 0, 0, 0, 0, 0, 0, 0, 0, 0, 0, 0, 0, 0, 8, 0, 0, 0, 0, 0, 0, 0, 0, 0, 0, 0, 0, 0, 0, 0, 0, 0, 0, 0, 0, 0, 0, 0, 0, 0, 0, 0, 0, 0, 0, 0, 0, 0, 0, 0, 0, 0, 0, 0, 0, 0, 0, 0, 0, 0, 0, 0, 0, 0, 0, 0, 0, 0, 0, 0, 0, 0, 0, 0, 0, 0, 0, 0, 0, 0, 0, 0, 0, 0, 0, 0, 0, 0, 0, 0, 0, 0, 0, 0, 0, 0, 0, 0, 0, 0, 0, 0, 0, 0, 0, 0, 0, 0, 0, 0, 0, 0, 0, 0, 0, 0, 0, 0, 0, 0, 0, 0, 0, 0, 0, 0, 0, 0, 0, 0, 0, 0, 0, 0, 0, 0, 0, 0, 0, 0, 0, 0, 0, 0, 0, 0, 0, 0, 0, 0, 0, 0, 0, 0, 0, 0, 0, 0, 0, 0, 0, 0, 0, 0, 0, 0, 0, 0, 0, 0, 0, 0, 0, 0, 0, 0, 0, 0, 0, 0, 0, 0, 0, 0, 0, 0, 0, 0, 0, 0, 0, 0, 0, 0, 0, 0, 0, 0, 0, 0, 0, 0, 0, 0, 0, 0, 0, 0, 0, 0, 0, 0, 0, 0, 0, 0, 0, 0, 0, 0, 0, 0, 0, 0, 0, 0, 0, 0, 0, 0, 0, 0, 0, 0]
OpenGL_wall_ms=[9.7677, 10.1468, 9.9314, 10.0955, 10.0746, 9.849, 9.9211, 9.7625, 9.7814, 9.9314, 10.0222, 9.7279, 9.8794, 9.8522, 9.9445, 9.8463]
RTX_wall_ms=[3.3672, 3.3084, 3.3217, 3.3094, 3.3621, 3.3261, 3.3195, 3.296, 3.4456, 3.3441, 3.3622, 3.3283, 3.3664, 3.3281, 3.3128, 3.2974]
RTX_Vulkan_gpu_ms=[2.844896, 2.838912, 2.844544, 2.838752, 2.855552, 2.860064, 2.835552, 2.834016, 2.841312, 2.853568, 2.85456, 2.83904, 2.854176, 2.844768, 2.837376, 2.844416]
OpenGL_GLtimeline_ms=[9.658368, 10.05456, 9.821696, 9.97136, 9.958912, 9.735232, 9.812032, 9.66576, 9.67744, 9.701696, 9.8736, 9.625088, 9.778304, 9.756032, 9.834208, 9.744352]
RTX_GLtimeline_ms=[3.18256, 3.161216, 3.167808, 3.152672, 3.169312, 3.179328, 3.163168, 3.156096, 3.227872, 3.166208, 3.172448, 3.150912, 3.174176, 3.157856, 3.15504, 3.157056]
