scene=Streaming terrain | 56694 triangles | 0 queued chunks; mesh=true; streamedReference=false; entities=true; coverage=true; clouds=true; distant=true; faceLight=true; smoothLight=true; origin=BlockPos{x=-45, y=34, z=-45}
quality=AA=2x, scale=0.5, lensing=true, fine=false, adaptive=true, fastBounds=true, fastFetch=true, emptyCells=true, emptyReach=1024.0, angularCap=0.08, curveFactor=4.0, program=native-horizon-quads
width=1280 height=720 camera=(3.0, 81.99999988555908, 0.0) yaw=0.0 pitch=0.0
RGB_mean_abs_255=0.2071976273148148 RGB_RMSE_255=3.1331619107584876 changedPixels=6456 pixelsMaxErrorAbove16=3407
maxChannelErrorHistogram=[915144, 355, 171, 191, 121, 80, 80, 192, 71, 53, 138, 147, 121, 425, 762, 120, 22, 55, 41, 21, 37, 40, 19, 13, 16, 9, 8, 115, 14, 7, 9, 13, 11, 4, 5, 10, 8, 20, 41, 25, 31, 94, 49, 40, 16, 55, 41, 13, 33, 35, 19, 362, 70, 52, 702, 120, 107, 36, 40, 67, 24, 13, 28, 28, 95, 11, 84, 49, 358, 18, 25, 64, 32, 55, 0, 0, 0, 0, 0, 0, 0, 0, 0, 0, 0, 0, 0, 0, 0, 0, 0, 0, 0, 0, 0, 0, 0, 0, 0, 0, 0, 0, 0, 0, 0, 0, 0, 0, 0, 0, 0, 0, 0, 0, 0, 0, 0, 0, 0, 0, 0, 0, 0, 0, 0, 0, 0, 0, 0, 0, 0, 0, 0, 0, 0, 0, 0, 0, 0, 0, 0, 0, 0, 0, 0, 0, 0, 0, 0, 0, 0, 0, 0, 0, 0, 0, 0, 0, 0, 0, 0, 0, 0, 0, 0, 0, 0, 0, 0, 0, 0, 0, 0, 0, 0, 0, 0, 0, 0, 0, 0, 0, 0, 0, 0, 0, 0, 0, 0, 0, 0, 0, 0, 0, 0, 0, 0, 0, 0, 0, 0, 0, 0, 0, 0, 0, 0, 0, 0, 0, 0, 0, 0, 0, 0, 0, 0, 0, 0, 0, 0, 0, 0, 0, 0, 0, 0, 0, 0, 0, 0, 0, 0, 0, 0, 0, 0, 0, 0, 0, 0, 0, 0, 0, 0, 0, 0, 0, 0, 0, 0, 0, 0, 0, 0, 0]
OpenGL_wall_ms=[3.2819, 2.7109, 3.1427, 3.1281, 3.2895, 3.1669, 3.6004, 3.2716, 3.6074, 3.5574, 3.4213, 3.2031, 3.5114, 3.4958, 3.5073, 3.4977]
RTX_wall_ms=[2.7544, 1.3944, 1.2875, 1.1633, 1.8988, 1.8161, 1.8816, 1.8017, 1.9506, 1.8281, 1.9552, 1.7666, 1.878, 3.2387, 1.8379, 1.7434]
RTX_Vulkan_gpu_ms=[0.380128, 0.38272, 0.378112, 0.37936, 0.3792, 0.379232, 0.381536, 0.378912, 0.380384, 0.384608, 0.38432, 0.378912, 0.37824, 0.378624, 0.38528, 0.37824]
OpenGL_GLtimeline_ms=[2.655648, 2.58272, 3.023296, 3.014944, 3.179136, 2.666464, 2.984544, 2.711424, 3.03152, 3.006688, 2.860096, 2.652672, 2.939744, 2.989792, 2.97184, 2.9936]
RTX_GLtimeline_ms=[0.69424, 0.94928, 0.935872, 0.8888, 0.655296, 0.66224, 0.702144, 0.671424, 0.726912, 0.688064, 0.692064, 0.6264, 0.653024, 0.60512, 0.658432, 0.60352]
