scene=Streaming terrain | 5049532 triangles | 0 queued chunks; mesh=true; streamedReference=false; entities=true; coverage=true; clouds=true; distant=true; faceLight=true; smoothLight=true; origin=BlockPos{x=-7, y=40, z=-48}
quality=AA=2x, scale=0.5, lensing=true, fine=true, adaptive=true, fastBounds=true, fastFetch=true, emptyCells=true, emptyReach=1024.0, angularCap=0.08, curveFactor=4.0, program=native-mixed-world-quads
width=1280 height=720 camera=(0.5, 67.61999988555908, -90.5) yaw=0.0 pitch=0.0
RGB_mean_abs_255=0.0036650028935185184 RGB_RMSE_255=0.18218647758750028 changedPixels=1993 pixelsMaxErrorAbove16=33
maxChannelErrorHistogram=[919607, 1363, 234, 96, 74, 67, 51, 9, 11, 23, 5, 5, 5, 6, 9, 2, 0, 1, 5, 1, 3, 4, 3, 4, 0, 0, 0, 0, 0, 0, 0, 0, 0, 0, 0, 0, 0, 0, 1, 0, 0, 0, 0, 1, 0, 0, 1, 2, 0, 0, 1, 0, 2, 1, 1, 1, 0, 1, 0, 0, 0, 0, 0, 0, 0, 0, 0, 0, 0, 0, 0, 0, 0, 0, 0, 0, 0, 0, 0, 0, 0, 0, 0, 0, 0, 0, 0, 0, 0, 0, 0, 0, 0, 0, 0, 0, 0, 0, 0, 0, 0, 0, 0, 0, 0, 0, 0, 0, 0, 0, 0, 0, 0, 0, 0, 0, 0, 0, 0, 0, 0, 0, 0, 0, 0, 0, 0, 0, 0, 0, 0, 0, 0, 0, 0, 0, 0, 0, 0, 0, 0, 0, 0, 0, 0, 0, 0, 0, 0, 0, 0, 0, 0, 0, 0, 0, 0, 0, 0, 0, 0, 0, 0, 0, 0, 0, 0, 0, 0, 0, 0, 0, 0, 0, 0, 0, 0, 0, 0, 0, 0, 0, 0, 0, 0, 0, 0, 0, 0, 0, 0, 0, 0, 0, 0, 0, 0, 0, 0, 0, 0, 0, 0, 0, 0, 0, 0, 0, 0, 0, 0, 0, 0, 0, 0, 0, 0, 0, 0, 0, 0, 0, 0, 0, 0, 0, 0, 0, 0, 0, 0, 0, 0, 0, 0, 0, 0, 0, 0, 0, 0, 0, 0, 0, 0, 0, 0, 0, 0, 0, 0, 0, 0, 0, 0, 0]
OpenGL_wall_ms=[22.4874, 22.2966, 23.2941, 23.2191, 24.3641, 22.4695, 23.3044, 22.8004, 22.0803, 22.9432, 21.6115, 21.409, 23.8852, 21.9844, 21.7004, 22.6816]
RTX_wall_ms=[4.4226, 3.4228, 3.6519, 4.5133, 4.3731, 3.5264, 4.4946, 3.5907, 4.406, 3.5846, 4.4459, 3.5495, 4.6637, 3.4698, 5.032, 4.3935]
RTX_Vulkan_gpu_ms=[3.504384, 2.949824, 3.026752, 3.462176, 3.446624, 3.017632, 3.54384, 3.033152, 3.509856, 3.127776, 3.551168, 3.08288, 3.489664, 3.005216, 3.643392, 3.509888]
OpenGL_GLtimeline_ms=[22.360736, 22.170336, 23.056992, 23.066272, 24.218528, 22.346976, 23.063232, 22.683168, 21.821856, 21.938976, 21.477216, 21.293312, 23.63056, 21.888736, 21.588672, 22.557472]
RTX_GLtimeline_ms=[4.0992, 3.220512, 3.429888, 4.218976, 3.749632, 3.293824, 4.224736, 3.317472, 4.139104, 3.394208, 4.18272, 3.359424, 4.411424, 3.27232, 1.800768, 4.112128]
