scene=Streaming terrain | 5049544 triangles | 0 queued chunks; mesh=true; streamedReference=false; entities=true; coverage=true; clouds=true; distant=true; faceLight=true; smoothLight=true; origin=BlockPos{x=-7, y=40, z=-48}
quality=AA=4x, scale=0.5, lensing=true, fine=true, adaptive=true, fastBounds=true, fastFetch=true, emptyCells=true, emptyReach=1024.0, angularCap=0.08, curveFactor=4.0, program=native-mixed-world-quads
width=1280 height=720 camera=(0.5, 67.61999988555908, -90.5) yaw=0.0 pitch=0.0
RGB_mean_abs_255=0.0033112702546296297 RGB_RMSE_255=0.13713519577882366 changedPixels=2484 pixelsMaxErrorAbove16=24
maxChannelErrorHistogram=[919116, 1835, 316, 141, 38, 40, 26, 32, 4, 6, 6, 11, 5, 0, 0, 0, 0, 0, 0, 0, 0, 1, 0, 1, 5, 2, 6, 3, 5, 1, 0, 0, 0, 0, 0, 0, 0, 0, 0, 0, 0, 0, 0, 0, 0, 0, 0, 0, 0, 0, 0, 0, 0, 0, 0, 0, 0, 0, 0, 0, 0, 0, 0, 0, 0, 0, 0, 0, 0, 0, 0, 0, 0, 0, 0, 0, 0, 0, 0, 0, 0, 0, 0, 0, 0, 0, 0, 0, 0, 0, 0, 0, 0, 0, 0, 0, 0, 0, 0, 0, 0, 0, 0, 0, 0, 0, 0, 0, 0, 0, 0, 0, 0, 0, 0, 0, 0, 0, 0, 0, 0, 0, 0, 0, 0, 0, 0, 0, 0, 0, 0, 0, 0, 0, 0, 0, 0, 0, 0, 0, 0, 0, 0, 0, 0, 0, 0, 0, 0, 0, 0, 0, 0, 0, 0, 0, 0, 0, 0, 0, 0, 0, 0, 0, 0, 0, 0, 0, 0, 0, 0, 0, 0, 0, 0, 0, 0, 0, 0, 0, 0, 0, 0, 0, 0, 0, 0, 0, 0, 0, 0, 0, 0, 0, 0, 0, 0, 0, 0, 0, 0, 0, 0, 0, 0, 0, 0, 0, 0, 0, 0, 0, 0, 0, 0, 0, 0, 0, 0, 0, 0, 0, 0, 0, 0, 0, 0, 0, 0, 0, 0, 0, 0, 0, 0, 0, 0, 0, 0, 0, 0, 0, 0, 0, 0, 0, 0, 0, 0, 0, 0, 0, 0, 0, 0, 0]
OpenGL_wall_ms=[45.3184, 47.7957, 48.0167, 47.8412, 43.6154, 44.6505, 56.8158, 46.798, 48.1644, 46.553, 44.0529, 46.5499, 47.2528, 44.9504, 44.3413, 46.7491]
RTX_wall_ms=[6.5328, 5.3296, 6.5035, 5.3945, 4.7728, 5.2521, 5.0444, 4.9043, 4.8912, 5.6305, 4.9258, 6.6079, 7.5576, 6.5163, 6.7787, 4.9788]
RTX_Vulkan_gpu_ms=[5.796512, 4.357952, 5.499296, 4.395712, 4.226848, 4.792672, 4.492928, 4.451392, 4.322496, 4.857152, 4.301408, 5.838848, 6.092544, 5.767104, 5.688864, 4.310432]
OpenGL_GLtimeline_ms=[45.186976, 47.684096, 47.898816, 47.735328, 43.489728, 44.557856, 56.705184, 46.675392, 47.943328, 46.186688, 43.806496, 46.343104, 47.029664, 44.558848, 43.931744, 46.644032]
RTX_GLtimeline_ms=[6.23888, 5.042496, 0.074432, 5.146784, 4.499296, 5.06448, 4.767808, 4.722368, 4.59632, 5.399616, 4.575904, 0.458272, 4.802464, 6.212896, 4.246144, 4.58016]
