scene=Streaming terrain | 5049516 triangles | 0 queued chunks; mesh=true; streamedReference=false; entities=true; coverage=true; clouds=true; distant=true; faceLight=true; smoothLight=true; origin=BlockPos{x=-7, y=40, z=-48}
quality=AA=8x, scale=0.5, lensing=true, fine=true, adaptive=true, fastBounds=true, fastFetch=true, emptyCells=true, emptyReach=1024.0, angularCap=0.08, curveFactor=4.0, program=native-mixed-world-quads
width=1280 height=720 camera=(0.5, 67.61999988555908, -90.5) yaw=0.0 pitch=0.0
RGB_mean_abs_255=0.002833478009259259 RGB_RMSE_255=0.08744211047993515 changedPixels=2985 pixelsMaxErrorAbove16=0
maxChannelErrorHistogram=[918615, 2429, 298, 116, 64, 33, 9, 4, 2, 0, 3, 2, 4, 13, 8, 0, 0, 0, 0, 0, 0, 0, 0, 0, 0, 0, 0, 0, 0, 0, 0, 0, 0, 0, 0, 0, 0, 0, 0, 0, 0, 0, 0, 0, 0, 0, 0, 0, 0, 0, 0, 0, 0, 0, 0, 0, 0, 0, 0, 0, 0, 0, 0, 0, 0, 0, 0, 0, 0, 0, 0, 0, 0, 0, 0, 0, 0, 0, 0, 0, 0, 0, 0, 0, 0, 0, 0, 0, 0, 0, 0, 0, 0, 0, 0, 0, 0, 0, 0, 0, 0, 0, 0, 0, 0, 0, 0, 0, 0, 0, 0, 0, 0, 0, 0, 0, 0, 0, 0, 0, 0, 0, 0, 0, 0, 0, 0, 0, 0, 0, 0, 0, 0, 0, 0, 0, 0, 0, 0, 0, 0, 0, 0, 0, 0, 0, 0, 0, 0, 0, 0, 0, 0, 0, 0, 0, 0, 0, 0, 0, 0, 0, 0, 0, 0, 0, 0, 0, 0, 0, 0, 0, 0, 0, 0, 0, 0, 0, 0, 0, 0, 0, 0, 0, 0, 0, 0, 0, 0, 0, 0, 0, 0, 0, 0, 0, 0, 0, 0, 0, 0, 0, 0, 0, 0, 0, 0, 0, 0, 0, 0, 0, 0, 0, 0, 0, 0, 0, 0, 0, 0, 0, 0, 0, 0, 0, 0, 0, 0, 0, 0, 0, 0, 0, 0, 0, 0, 0, 0, 0, 0, 0, 0, 0, 0, 0, 0, 0, 0, 0, 0, 0, 0, 0, 0, 0]
OpenGL_wall_ms=[86.3142, 89.4502, 89.8104, 90.0406, 84.4122, 93.8967, 96.4122, 85.1514, 90.9409, 115.9252, 93.3138, 90.8985, 87.9381, 90.3154, 91.9753, 91.2811]
RTX_wall_ms=[15.0571, 14.8565, 8.4402, 8.4232, 10.564, 9.9342, 12.658, 14.8573, 14.9875, 15.0139, 14.9515, 13.176, 12.0561, 9.0942, 15.4487, 12.8883]
RTX_Vulkan_gpu_ms=[14.052096, 12.334208, 7.239296, 7.358656, 9.496192, 9.44736, 11.980608, 14.127744, 14.203488, 14.440672, 14.157056, 12.404896, 11.416832, 8.622752, 14.460128, 12.316672]
OpenGL_GLtimeline_ms=[83.691104, 89.01824, 89.572352, 89.932288, 84.186496, 93.783488, 96.16016, 84.945024, 90.463648, 115.816928, 92.834656, 90.574816, 87.505824, 89.84, 91.739488, 91.168896]
RTX_GLtimeline_ms=[0.087552, 12.947744, 8.024256, 8.159232, 7.951296, 9.707584, 12.378368, 14.591584, 14.715936, 14.723072, 5.478016, 12.891968, 11.77584, 8.898464, 12.766368, 12.594912]
