scene=Streaming terrain | 5049528 triangles | 0 queued chunks; mesh=true; streamedReference=false; entities=true; coverage=true; clouds=true; distant=true; faceLight=true; smoothLight=true; origin=BlockPos{x=-7, y=40, z=-48}
quality=AA=Off, scale=0.5, lensing=true, fine=true, adaptive=true, fastBounds=true, fastFetch=true, emptyCells=true, emptyReach=1024.0, angularCap=0.08, curveFactor=4.0, program=native-mixed-world-quads
width=1280 height=720 camera=(0.5, 67.61999988555908, -90.5) yaw=0.0 pitch=0.0
RGB_mean_abs_255=0.0032146990740740742 RGB_RMSE_255=0.5278499585144473 changedPixels=284 pixelsMaxErrorAbove16=44
maxChannelErrorHistogram=[921316, 156, 4, 4, 12, 4, 4, 4, 8, 4, 8, 0, 20, 0, 4, 4, 4, 0, 0, 0, 0, 4, 0, 4, 8, 0, 0, 0, 0, 0, 0, 0, 0, 0, 0, 4, 0, 0, 4, 0, 4, 0, 0, 0, 4, 0, 0, 0, 0, 0, 0, 0, 0, 0, 0, 0, 0, 0, 0, 0, 0, 0, 0, 0, 0, 0, 0, 0, 0, 0, 0, 0, 0, 0, 0, 0, 0, 0, 0, 0, 0, 0, 0, 0, 0, 0, 0, 0, 0, 0, 0, 0, 0, 0, 0, 0, 0, 0, 0, 0, 0, 0, 0, 0, 0, 0, 0, 0, 0, 0, 0, 0, 0, 0, 0, 0, 0, 0, 0, 0, 0, 0, 0, 0, 0, 4, 0, 0, 0, 0, 0, 0, 0, 0, 0, 0, 0, 0, 0, 0, 4, 0, 0, 0, 0, 0, 0, 0, 0, 0, 0, 0, 0, 0, 0, 0, 0, 0, 0, 0, 0, 0, 0, 0, 0, 0, 0, 0, 0, 0, 0, 0, 0, 0, 0, 0, 0, 0, 0, 0, 0, 0, 0, 0, 0, 0, 0, 0, 0, 0, 0, 0, 0, 0, 0, 0, 0, 0, 0, 0, 0, 0, 0, 0, 0, 0, 0, 0, 0, 0, 0, 0, 0, 0, 0, 0, 0, 0, 0, 0, 0, 0, 0, 0, 0, 0, 0, 0, 0, 0, 0, 0, 0, 0, 0, 0, 0, 0, 0, 0, 4, 0, 0, 0, 0, 0, 0, 0, 0, 0, 0, 0, 0, 0, 0, 0]
OpenGL_wall_ms=[11.8775, 12.1163, 11.4826, 11.5432, 12.3282, 13.2692, 13.5422, 11.8654, 12.5086, 11.2294, 11.6781, 13.6903, 12.5379, 11.5511, 11.4618, 11.8928]
RTX_wall_ms=[3.0447, 3.1795, 3.0232, 2.9786, 3.0557, 2.9425, 2.9789, 2.9855, 3.6424, 2.9596, 3.6746, 2.9899, 3.0388, 2.9753, 3.7825, 2.9622]
RTX_Vulkan_gpu_ms=[2.5504, 2.733632, 2.547328, 2.523072, 2.584832, 2.489152, 2.497152, 2.50064, 2.684352, 2.502752, 2.70112, 2.48384, 2.54976, 2.526688, 2.73776, 2.497152]
OpenGL_GLtimeline_ms=[11.735008, 12.017184, 11.371808, 11.443232, 11.952064, 13.170304, 12.966112, 11.76896, 11.860896, 11.127808, 11.225952, 13.5936, 12.347776, 11.455264, 11.349184, 11.768608]
RTX_GLtimeline_ms=[2.811744, 2.986592, 2.810848, 2.783072, 2.845216, 2.746304, 2.764608, 2.769344, 3.354976, 2.760832, 3.384128, 2.788, 2.815008, 2.78, 3.435296, 2.757408]
