scene=Streaming terrain | 56694 triangles | 0 queued chunks; mesh=true; streamedReference=false; entities=true; coverage=true; clouds=true; distant=true; faceLight=true; smoothLight=true; origin=BlockPos{x=-45, y=34, z=-45}
quality=AA=2x, scale=0.5, lensing=true, fine=false, adaptive=true, fastBounds=true, fastFetch=true, emptyCells=true, emptyReach=1024.0, angularCap=0.08, curveFactor=4.0, program=native-quads-selective-16.0; separateMoving=true; profileExperiment=0
width=1280 height=720 camera=(3.0, 83.61999988555908, -20.0) yaw=5.5500026 pitch=1.6499997
RGB_mean_abs_255=0.002195818865740741 RGB_RMSE_255=0.16756377482695733 changedPixels=1285 pixelsMaxErrorAbove16=28
maxChannelErrorHistogram=[920315, 931, 95, 71, 51, 30, 12, 6, 9, 14, 0, 11, 6, 10, 8, 3, 0, 2, 6, 1, 3, 0, 0, 4, 4, 0, 0, 0, 0, 0, 0, 0, 0, 0, 0, 0, 1, 0, 0, 0, 0, 0, 0, 0, 0, 0, 0, 0, 3, 0, 0, 0, 0, 0, 0, 0, 0, 0, 0, 0, 0, 0, 0, 0, 0, 0, 0, 0, 0, 0, 0, 0, 0, 0, 0, 0, 0, 0, 0, 0, 0, 0, 0, 0, 0, 0, 0, 0, 0, 0, 4, 0, 0, 0, 0, 0, 0, 0, 0, 0, 0, 0, 0, 0, 0, 0, 0, 0, 0, 0, 0, 0, 0, 0, 0, 0, 0, 0, 0, 0, 0, 0, 0, 0, 0, 0, 0, 0, 0, 0, 0, 0, 0, 0, 0, 0, 0, 0, 0, 0, 0, 0, 0, 0, 0, 0, 0, 0, 0, 0, 0, 0, 0, 0, 0, 0, 0, 0, 0, 0, 0, 0, 0, 0, 0, 0, 0, 0, 0, 0, 0, 0, 0, 0, 0, 0, 0, 0, 0, 0, 0, 0, 0, 0, 0, 0, 0, 0, 0, 0, 0, 0, 0, 0, 0, 0, 0, 0, 0, 0, 0, 0, 0, 0, 0, 0, 0, 0, 0, 0, 0, 0, 0, 0, 0, 0, 0, 0, 0, 0, 0, 0, 0, 0, 0, 0, 0, 0, 0, 0, 0, 0, 0, 0, 0, 0, 0, 0, 0, 0, 0, 0, 0, 0, 0, 0, 0, 0, 0, 0, 0, 0, 0, 0, 0, 0]
OpenGL_wall_ms=[6.1579, 6.1154, 6.5468, 5.8007, 5.9908, 6.867, 5.72, 6.1761, 5.8641, 7.2761, 6.2048, 5.8388, 6.1685, 6.7233, 6.0831, 6.1214]
RTX_wall_ms=[2.0344, 2.3656, 1.7722, 1.7458, 1.7694, 2.2743, 1.7643, 1.7072, 1.7503, 2.0958, 1.8325, 1.7072, 1.7082, 1.7343, 1.734, 1.722]
RTX_Vulkan_gpu_ms=[1.439936, 1.417248, 1.30416, 1.304448, 1.29376, 1.441216, 1.289312, 1.264224, 1.276736, 1.450944, 1.301952, 1.272064, 1.280896, 1.28768, 1.293216, 1.29264]
OpenGL_GLtimeline_ms=[5.995712, 6.014272, 6.43728, 5.706144, 5.889728, 6.653952, 5.618784, 6.079488, 5.76656, 6.890304, 6.096224, 5.745312, 6.081952, 6.487264, 5.973568, 6.017568]
RTX_GLtimeline_ms=[1.815616, 2.082912, 1.58544, 1.566592, 1.559232, 0.47312, 1.554496, 1.532288, 1.543744, 1.821344, 1.647744, 1.5496, 1.554432, 1.558816, 1.563744, 1.56432]
