scene=Streaming terrain | 2964594 triangles | 595 queued chunks; mesh=true; streamedReference=false; entities=true; coverage=true; clouds=true; distant=true; faceLight=true; smoothLight=true; origin=BlockPos{x=-41, y=22, z=-28}
quality=AA=4x, scale=0.5, lensing=true, fine=true, adaptive=true, fastBounds=true, fastFetch=true, emptyCells=true, emptyReach=1024.0, angularCap=0.08, curveFactor=4.0, program=native-local-wormhole-quads
width=1280 height=720 camera=(643.602895917136, 93.01964126898682, 25.014809703970165) yaw=-7.324607 pitch=0.11772079
RGB_mean_abs_255=0.0019914641203703704 RGB_RMSE_255=0.09876992297853221 changedPixels=1670 pixelsMaxErrorAbove16=4
maxChannelErrorHistogram=[919930, 1206, 201, 88, 53, 28, 29, 21, 13, 6, 5, 9, 0, 7, 0, 0, 0, 0, 0, 0, 0, 0, 0, 0, 0, 0, 0, 0, 0, 0, 0, 0, 0, 0, 0, 0, 0, 0, 0, 0, 0, 0, 4, 0, 0, 0, 0, 0, 0, 0, 0, 0, 0, 0, 0, 0, 0, 0, 0, 0, 0, 0, 0, 0, 0, 0, 0, 0, 0, 0, 0, 0, 0, 0, 0, 0, 0, 0, 0, 0, 0, 0, 0, 0, 0, 0, 0, 0, 0, 0, 0, 0, 0, 0, 0, 0, 0, 0, 0, 0, 0, 0, 0, 0, 0, 0, 0, 0, 0, 0, 0, 0, 0, 0, 0, 0, 0, 0, 0, 0, 0, 0, 0, 0, 0, 0, 0, 0, 0, 0, 0, 0, 0, 0, 0, 0, 0, 0, 0, 0, 0, 0, 0, 0, 0, 0, 0, 0, 0, 0, 0, 0, 0, 0, 0, 0, 0, 0, 0, 0, 0, 0, 0, 0, 0, 0, 0, 0, 0, 0, 0, 0, 0, 0, 0, 0, 0, 0, 0, 0, 0, 0, 0, 0, 0, 0, 0, 0, 0, 0, 0, 0, 0, 0, 0, 0, 0, 0, 0, 0, 0, 0, 0, 0, 0, 0, 0, 0, 0, 0, 0, 0, 0, 0, 0, 0, 0, 0, 0, 0, 0, 0, 0, 0, 0, 0, 0, 0, 0, 0, 0, 0, 0, 0, 0, 0, 0, 0, 0, 0, 0, 0, 0, 0, 0, 0, 0, 0, 0, 0, 0, 0, 0, 0, 0, 0]
OpenGL_wall_ms=[14.551, 13.447, 14.5066, 13.8256, 13.9485, 13.7651, 14.1064, 14.4481, 13.5686, 13.8871, 14.7605, 13.6341, 13.6735, 14.6167, 14.4118, 14.2507]
RTX_wall_ms=[3.3397, 2.3842, 3.0747, 2.4055, 3.1154, 2.4082, 3.0275, 2.3536, 3.1197, 2.4369, 2.514, 2.9178, 3.0562, 2.3637, 3.0666, 2.403]
RTX_Vulkan_gpu_ms=[2.094176, 1.904256, 2.107648, 1.908, 2.08704, 1.90752, 2.083104, 1.898496, 2.093536, 1.8984, 1.902496, 1.899808, 2.088224, 1.89856, 2.091776, 1.897152]
OpenGL_GLtimeline_ms=[14.404448, 13.339168, 14.03232, 13.721472, 13.74784, 13.66064, 13.979296, 14.3344, 13.414464, 13.766304, 14.522112, 13.525728, 13.551392, 14.51456, 14.29056, 14.150848]
RTX_GLtimeline_ms=[3.021856, 2.187808, 2.788064, 2.203488, 2.769952, 2.175072, 2.758752, 2.164512, 2.78944, 2.176128, 2.17792, 2.702592, 2.772704, 2.170688, 2.78848, 2.168448]
