scene=Streaming terrain | 7070484 triangles | 66 queued chunks; mesh=true; streamedReference=false; entities=true; coverage=true; clouds=true; distant=true; faceLight=true; smoothLight=true; origin=BlockPos{x=-41, y=22, z=-28}
quality=AA=4x, scale=0.5, lensing=true, fine=true, adaptive=true, fastBounds=true, fastFetch=true, emptyCells=true, emptyReach=1024.0, angularCap=0.08, curveFactor=4.0, program=native-quads-general-16.0; separateMoving=true; profileExperiment=0
width=1280 height=720 camera=(0.4542809122707449, 67.61999988555908, -90.93009784439337) yaw=-4.0500016 pitch=-4.199991
RGB_mean_abs_255=0.0017198350694444444 RGB_RMSE_255=0.09235654228465776 changedPixels=1133 pixelsMaxErrorAbove16=8
maxChannelErrorHistogram=[920467, 800, 187, 59, 13, 14, 23, 14, 10, 2, 0, 3, 0, 0, 0, 0, 0, 0, 0, 0, 0, 1, 0, 2, 1, 2, 2, 0, 0, 0, 0, 0, 0, 0, 0, 0, 0, 0, 0, 0, 0, 0, 0, 0, 0, 0, 0, 0, 0, 0, 0, 0, 0, 0, 0, 0, 0, 0, 0, 0, 0, 0, 0, 0, 0, 0, 0, 0, 0, 0, 0, 0, 0, 0, 0, 0, 0, 0, 0, 0, 0, 0, 0, 0, 0, 0, 0, 0, 0, 0, 0, 0, 0, 0, 0, 0, 0, 0, 0, 0, 0, 0, 0, 0, 0, 0, 0, 0, 0, 0, 0, 0, 0, 0, 0, 0, 0, 0, 0, 0, 0, 0, 0, 0, 0, 0, 0, 0, 0, 0, 0, 0, 0, 0, 0, 0, 0, 0, 0, 0, 0, 0, 0, 0, 0, 0, 0, 0, 0, 0, 0, 0, 0, 0, 0, 0, 0, 0, 0, 0, 0, 0, 0, 0, 0, 0, 0, 0, 0, 0, 0, 0, 0, 0, 0, 0, 0, 0, 0, 0, 0, 0, 0, 0, 0, 0, 0, 0, 0, 0, 0, 0, 0, 0, 0, 0, 0, 0, 0, 0, 0, 0, 0, 0, 0, 0, 0, 0, 0, 0, 0, 0, 0, 0, 0, 0, 0, 0, 0, 0, 0, 0, 0, 0, 0, 0, 0, 0, 0, 0, 0, 0, 0, 0, 0, 0, 0, 0, 0, 0, 0, 0, 0, 0, 0, 0, 0, 0, 0, 0, 0, 0, 0, 0, 0, 0]
OpenGL_wall_ms=[18.0996, 18.1831, 17.8608, 19.0864, 17.8479, 18.2641, 17.8398, 18.3925, 18.7527, 18.0608, 18.6772, 19.1938, 17.8759, 18.1505, 18.0326, 18.4159]
RTX_wall_ms=[2.2951, 2.2515, 2.8101, 2.2652, 3.1149, 2.2365, 2.771, 2.2555, 2.2871, 2.2467, 2.3571, 2.2672, 3.1716, 2.234, 2.721, 2.2647]
RTX_Vulkan_gpu_ms=[1.77936, 1.78752, 2.253696, 1.808128, 2.163008, 1.784512, 2.199584, 1.799808, 1.802816, 1.78656, 1.789824, 1.798624, 2.114688, 1.777632, 2.192832, 1.798976]
OpenGL_GLtimeline_ms=[17.925568, 18.086912, 17.615296, 18.983392, 17.74816, 18.170464, 17.732704, 18.28976, 18.354944, 17.957984, 18.460128, 19.083904, 17.750112, 18.055648, 17.9264, 18.273184]
RTX_GLtimeline_ms=[2.070528, 2.066016, 2.533888, 2.0824, 2.854048, 2.054816, 2.503296, 2.071744, 2.087232, 2.056288, 2.065056, 2.070688, 2.911296, 2.04416, 2.468128, 2.071744]
