scene=Streaming terrain | 56550 triangles | 0 queued chunks; mesh=true; streamedReference=false; entities=true; coverage=true; clouds=true; distant=true; faceLight=true; smoothLight=true; origin=BlockPos{x=-45, y=34, z=-45}
quality=AA=2x, scale=0.5, lensing=true, fine=false, adaptive=true, fastBounds=true, fastFetch=true, emptyCells=true, emptyReach=1024.0, angularCap=0.08, curveFactor=4.0, program=native-body-quads-selective-16.0; separateMoving=true; profileExperiment=0
width=1280 height=720 camera=(0.4, 81.81999988555908, 1.0) yaw=-43.0 pitch=10.0
RGB_mean_abs_255=0.03088035300925926 RGB_RMSE_255=0.8914877643735655 changedPixels=3421 pixelsMaxErrorAbove16=687
maxChannelErrorHistogram=[918179, 978, 367, 232, 149, 127, 138, 116, 127, 83, 105, 96, 43, 65, 68, 24, 16, 31, 32, 25, 4, 16, 15, 18, 34, 20, 17, 18, 10, 21, 33, 36, 23, 16, 16, 13, 13, 21, 25, 17, 16, 20, 17, 3, 5, 10, 0, 5, 5, 10, 13, 23, 23, 14, 7, 7, 7, 2, 2, 2, 0, 0, 0, 0, 0, 2, 4, 0, 2, 6, 0, 0, 0, 0, 0, 0, 0, 0, 0, 0, 0, 0, 0, 0, 0, 0, 0, 0, 0, 0, 0, 2, 0, 0, 0, 0, 2, 4, 0, 0, 0, 0, 0, 0, 0, 0, 0, 0, 0, 0, 0, 0, 0, 0, 0, 0, 0, 0, 0, 0, 0, 0, 0, 0, 0, 0, 0, 0, 0, 0, 0, 0, 0, 0, 0, 0, 0, 0, 0, 0, 0, 0, 0, 0, 0, 0, 0, 0, 0, 0, 0, 0, 0, 0, 0, 0, 0, 0, 0, 0, 0, 0, 0, 0, 0, 0, 0, 0, 0, 0, 0, 0, 0, 0, 0, 0, 0, 0, 0, 0, 0, 0, 0, 0, 0, 0, 0, 0, 0, 0, 0, 0, 0, 0, 0, 0, 0, 0, 0, 0, 0, 0, 0, 0, 0, 0, 0, 0, 0, 0, 0, 0, 0, 0, 0, 0, 0, 0, 0, 0, 0, 0, 0, 0, 0, 0, 0, 0, 0, 0, 0, 0, 0, 0, 0, 0, 0, 0, 0, 0, 0, 0, 0, 0, 0, 0, 0, 0, 0, 0, 0, 0, 0, 0, 0, 0]
OpenGL_wall_ms=[3.7759, 3.8347, 3.8295, 4.1491, 4.0567, 3.7865, 3.751, 3.7438, 4.0022, 4.039, 4.0305, 4.0018, 4.2795, 4.0217, 4.1563, 4.135]
RTX_wall_ms=[1.3667, 1.3847, 2.0645, 1.805, 2.3387, 1.3109, 1.3597, 1.3425, 1.8399, 1.8199, 1.8272, 1.8582, 1.6719, 1.8235, 1.8426, 1.6826]
RTX_Vulkan_gpu_ms=[0.767808, 0.781728, 0.772448, 0.781728, 0.771648, 0.770528, 0.782752, 0.791424, 0.768576, 0.77056, 0.770496, 0.784448, 0.773984, 0.780928, 0.771008, 0.764384]
OpenGL_GLtimeline_ms=[3.654176, 3.71712, 3.729216, 3.764672, 3.627104, 3.687744, 3.656192, 3.641824, 3.627616, 3.66304, 3.624992, 3.625376, 3.885632, 3.654464, 3.750656, 3.618912]
RTX_GLtimeline_ms=[1.174208, 1.186368, 0.436064, 0.479968, 0.092064, 1.1568, 1.191392, 1.178528, 0.495456, 0.498496, 0.490272, 0.405184, 0.3336, 0.46848, 0.498432, 0.075744]
