scene=Streaming terrain | 6261506 triangles | 0 queued chunks; mesh=true; streamedReference=true; entities=true; coverage=true; clouds=true; distant=true; faceLight=true; smoothLight=true; origin=BlockPos{x=-32, y=254, z=-33}
quality=AA=2x, scale=0.5, lensing=true, fine=false, adaptive=true, fastBounds=true, fastFetch=true, emptyCells=true, emptyReach=1024.0, angularCap=0.08, curveFactor=4.0, program=native-quads-selective-16.0; separateMoving=true; profileExperiment=0
width=2560 height=1440 camera=(16.5, 303.6199998855591, -45.5) yaw=0.281 pitch=0.90999985
RGB_mean_abs_255=1.981155960648148E-4 RGB_RMSE_255=0.046338558545792635 changedPixels=747 pixelsMaxErrorAbove16=8
maxChannelErrorHistogram=[3685653, 638, 49, 19, 7, 5, 5, 0, 0, 12, 4, 0, 0, 0, 0, 0, 0, 0, 0, 0, 0, 0, 0, 0, 0, 0, 0, 0, 0, 0, 0, 0, 0, 0, 0, 0, 8, 0, 0, 0, 0, 0, 0, 0, 0, 0, 0, 0, 0, 0, 0, 0, 0, 0, 0, 0, 0, 0, 0, 0, 0, 0, 0, 0, 0, 0, 0, 0, 0, 0, 0, 0, 0, 0, 0, 0, 0, 0, 0, 0, 0, 0, 0, 0, 0, 0, 0, 0, 0, 0, 0, 0, 0, 0, 0, 0, 0, 0, 0, 0, 0, 0, 0, 0, 0, 0, 0, 0, 0, 0, 0, 0, 0, 0, 0, 0, 0, 0, 0, 0, 0, 0, 0, 0, 0, 0, 0, 0, 0, 0, 0, 0, 0, 0, 0, 0, 0, 0, 0, 0, 0, 0, 0, 0, 0, 0, 0, 0, 0, 0, 0, 0, 0, 0, 0, 0, 0, 0, 0, 0, 0, 0, 0, 0, 0, 0, 0, 0, 0, 0, 0, 0, 0, 0, 0, 0, 0, 0, 0, 0, 0, 0, 0, 0, 0, 0, 0, 0, 0, 0, 0, 0, 0, 0, 0, 0, 0, 0, 0, 0, 0, 0, 0, 0, 0, 0, 0, 0, 0, 0, 0, 0, 0, 0, 0, 0, 0, 0, 0, 0, 0, 0, 0, 0, 0, 0, 0, 0, 0, 0, 0, 0, 0, 0, 0, 0, 0, 0, 0, 0, 0, 0, 0, 0, 0, 0, 0, 0, 0, 0, 0, 0, 0, 0, 0, 0]
OpenGL_wall_ms=[10.1331, 10.0131, 9.8208, 9.7883, 9.6565, 9.8321, 10.035, 10.1943, 9.8158, 9.834, 9.7027, 10.0776, 9.6398, 9.6501, 10.0594, 9.6611]
RTX_wall_ms=[3.5239, 3.4774, 3.4163, 3.3818, 3.4187, 3.3717, 3.438, 3.4263, 3.4107, 3.4144, 3.4247, 3.369, 3.4679, 3.3905, 3.3978, 3.4189]
RTX_Vulkan_gpu_ms=[2.9152, 2.915584, 2.939232, 2.908576, 2.92224, 2.913696, 2.945792, 2.909664, 2.913216, 2.916224, 2.943872, 2.911392, 2.913792, 2.91088, 2.91776, 2.909248]
OpenGL_GLtimeline_ms=[9.711808, 9.895328, 9.688416, 9.693664, 9.550304, 9.738688, 9.930784, 10.083648, 9.608544, 9.73984, 9.595872, 9.97808, 9.522592, 9.548096, 9.938528, 9.55232]
RTX_GLtimeline_ms=[3.277216, 3.271968, 3.268896, 3.253216, 3.270656, 3.240352, 3.295296, 3.237952, 3.24064, 3.2584, 3.284128, 3.24304, 3.271584, 3.253056, 3.24688, 3.252992]
