scene=Streaming terrain | 54958 triangles | 0 queued chunks; mesh=true; streamedReference=false; entities=true; coverage=true; clouds=true; distant=true; faceLight=true; smoothLight=true; origin=BlockPos{x=-33, y=43, z=-62}
quality=AA=2x, scale=0.5, lensing=true, fine=false, adaptive=true, fastBounds=true, fastFetch=true, emptyCells=true, emptyReach=1024.0, angularCap=0.08, curveFactor=4.0, program=native-body-quads-selective-16.0; separateMoving=true; profileExperiment=0
width=2560 height=1440 camera=(5.0, 81.99999988555908, -2.0) yaw=30.0 pitch=0.0
RGB_mean_abs_255=6.700303819444444E-4 RGB_RMSE_255=0.07220385717356616 changedPixels=1323 pixelsMaxErrorAbove16=27
maxChannelErrorHistogram=[3685077, 885, 109, 63, 71, 55, 22, 5, 13, 14, 7, 3, 5, 12, 11, 9, 12, 4, 0, 13, 3, 0, 3, 0, 0, 0, 0, 0, 0, 0, 0, 0, 0, 4, 0, 0, 0, 0, 0, 0, 0, 0, 0, 0, 0, 0, 0, 0, 0, 0, 0, 0, 0, 0, 0, 0, 0, 0, 0, 0, 0, 0, 0, 0, 0, 0, 0, 0, 0, 0, 0, 0, 0, 0, 0, 0, 0, 0, 0, 0, 0, 0, 0, 0, 0, 0, 0, 0, 0, 0, 0, 0, 0, 0, 0, 0, 0, 0, 0, 0, 0, 0, 0, 0, 0, 0, 0, 0, 0, 0, 0, 0, 0, 0, 0, 0, 0, 0, 0, 0, 0, 0, 0, 0, 0, 0, 0, 0, 0, 0, 0, 0, 0, 0, 0, 0, 0, 0, 0, 0, 0, 0, 0, 0, 0, 0, 0, 0, 0, 0, 0, 0, 0, 0, 0, 0, 0, 0, 0, 0, 0, 0, 0, 0, 0, 0, 0, 0, 0, 0, 0, 0, 0, 0, 0, 0, 0, 0, 0, 0, 0, 0, 0, 0, 0, 0, 0, 0, 0, 0, 0, 0, 0, 0, 0, 0, 0, 0, 0, 0, 0, 0, 0, 0, 0, 0, 0, 0, 0, 0, 0, 0, 0, 0, 0, 0, 0, 0, 0, 0, 0, 0, 0, 0, 0, 0, 0, 0, 0, 0, 0, 0, 0, 0, 0, 0, 0, 0, 0, 0, 0, 0, 0, 0, 0, 0, 0, 0, 0, 0, 0, 0, 0, 0, 0, 0]
OpenGL_wall_ms=[17.1268, 16.6953, 16.7874, 16.9313, 16.8166, 16.5468, 17.2557, 16.9696, 17.0195, 16.873, 16.9944, 16.6592, 16.7269, 16.6926, 16.7995, 16.8665]
RTX_wall_ms=[4.1428, 4.0933, 4.1219, 4.0914, 4.1292, 4.0971, 4.1463, 4.1626, 4.1337, 4.0936, 4.136, 4.1035, 4.1388, 4.1173, 4.135, 4.0964]
RTX_Vulkan_gpu_ms=[3.602304, 3.595456, 3.597312, 3.587776, 3.593664, 3.590688, 3.595776, 3.594816, 3.595744, 3.593856, 3.59808, 3.590496, 3.611232, 3.609888, 3.609664, 3.598432]
OpenGL_GLtimeline_ms=[16.99984, 16.598496, 16.658816, 16.824928, 16.6896, 16.441792, 17.125088, 16.864768, 16.898688, 16.774528, 16.863744, 16.550368, 16.602368, 16.5872, 16.650656, 16.76848]
RTX_GLtimeline_ms=[3.934272, 3.930688, 3.938368, 3.929248, 3.929184, 3.922336, 3.937632, 3.984448, 3.933472, 3.932384, 3.933472, 3.92704, 3.944832, 3.94448, 3.947552, 3.932192]
