scene=Streaming terrain | 82312 triangles | 0 queued chunks; mesh=true; streamedReference=true; entities=true; coverage=true; clouds=true; distant=true; faceLight=true; smoothLight=true; origin=BlockPos{x=-40, y=48, z=-40}
quality=AA=2x, scale=0.5, lensing=true, fine=false, adaptive=true, fastBounds=true, fastFetch=true, emptyCells=true, emptyReach=1024.0, angularCap=0.08, curveFactor=4.0, program=native-ellis-wormhole-quads
width=2560 height=1440 camera=(8.0, 95.99999988079071, -24.0) yaw=0.0 pitch=0.0
RGB_mean_abs_255=0.010361237702546296 RGB_RMSE_255=0.5052379537422148 changedPixels=16923 pixelsMaxErrorAbove16=689
maxChannelErrorHistogram=[3669477, 11164, 1806, 1022, 620, 468, 269, 199, 134, 130, 82, 72, 69, 71, 59, 29, 40, 64, 46, 47, 35, 27, 3, 10, 16, 90, 7, 5, 5, 8, 6, 2, 4, 3, 6, 12, 15, 2, 1, 7, 0, 4, 7, 8, 6, 4, 2, 6, 6, 7, 15, 8, 12, 9, 0, 0, 0, 2, 1, 0, 7, 3, 3, 2, 5, 1, 8, 3, 2, 6, 3, 2, 7, 1, 7, 4, 3, 4, 0, 12, 2, 3, 0, 0, 0, 0, 0, 0, 1, 2, 1, 3, 0, 7, 9, 20, 20, 4, 0, 0, 1, 4, 7, 0, 0, 0, 0, 0, 0, 0, 0, 0, 0, 0, 0, 0, 0, 0, 0, 0, 0, 0, 0, 0, 0, 0, 0, 0, 0, 0, 0, 0, 0, 0, 0, 0, 0, 0, 0, 0, 0, 0, 0, 0, 0, 0, 0, 0, 0, 0, 0, 0, 0, 0, 0, 0, 0, 0, 0, 0, 0, 0, 0, 0, 0, 0, 0, 0, 0, 0, 0, 0, 0, 0, 0, 0, 0, 0, 0, 0, 0, 0, 0, 0, 0, 0, 0, 0, 0, 2, 0, 0, 1, 0, 0, 0, 0, 1, 0, 0, 0, 0, 0, 0, 0, 0, 0, 0, 0, 0, 0, 0, 0, 0, 0, 0, 0, 0, 0, 0, 0, 0, 0, 0, 0, 0, 0, 0, 0, 0, 0, 0, 0, 0, 0, 0, 0, 0, 0, 0, 0, 0, 0, 0, 0, 0, 0, 0, 0, 0, 0, 0, 0, 0, 0, 0]
OpenGL_wall_ms=[45.6909, 41.9706, 42.5465, 42.6049, 42.5241, 42.7846, 41.4079, 41.9989, 42.158, 41.1682, 41.6615, 41.4491, 41.903, 41.3126, 41.6434, 42.7811]
RTX_wall_ms=[9.3901, 9.3275, 9.3453, 9.3004, 9.3492, 9.3603, 9.3673, 9.3504, 9.3519, 9.3163, 9.395, 9.3572, 9.3377, 9.376, 9.3546, 9.299]
RTX_Vulkan_gpu_ms=[8.812192, 8.803904, 8.81664, 8.770528, 8.780448, 8.834848, 8.814112, 8.784448, 8.824, 8.808224, 8.803744, 8.822944, 8.786176, 8.824704, 8.807488, 8.775104]
OpenGL_GLtimeline_ms=[42.455424, 41.861728, 42.427744, 42.495552, 42.402272, 42.67232, 41.292192, 41.889312, 42.040736, 41.07008, 41.548352, 41.338272, 41.781312, 41.202048, 41.52048, 42.6696]
RTX_GLtimeline_ms=[9.159552, 9.14448, 9.156736, 9.109504, 9.123904, 9.173984, 9.161376, 9.121536, 9.161664, 9.146592, 9.148544, 9.161952, 9.129888, 9.165056, 9.150592, 9.115712]
