scene=Streaming terrain | 56550 triangles | 0 queued chunks; mesh=true; streamedReference=false; entities=true; coverage=true; clouds=true; distant=true; faceLight=true; smoothLight=true; origin=BlockPos{x=-45, y=34, z=-45}
quality=AA=2x, scale=0.5, lensing=true, fine=false, adaptive=true, fastBounds=true, fastFetch=true, emptyCells=true, emptyReach=1024.0, angularCap=0.08, curveFactor=4.0, program=native-body-quads-selective-16.0; separateMoving=true; profileExperiment=0
width=2560 height=1440 camera=(0.4, 81.81999988555908, 1.0) yaw=-43.0 pitch=10.0
RGB_mean_abs_255=7.838722511574074E-4 RGB_RMSE_255=0.12526411622510816 changedPixels=1295 pixelsMaxErrorAbove16=56
maxChannelErrorHistogram=[3685105, 920, 116, 56, 26, 20, 17, 30, 11, 11, 1, 15, 0, 5, 3, 0, 8, 8, 8, 0, 5, 0, 0, 0, 6, 1, 4, 0, 4, 0, 0, 0, 0, 4, 0, 0, 0, 0, 0, 0, 0, 0, 3, 1, 0, 0, 0, 0, 0, 0, 0, 0, 0, 0, 0, 0, 0, 0, 0, 0, 4, 0, 0, 0, 0, 4, 0, 0, 0, 2, 2, 0, 0, 0, 0, 0, 0, 0, 0, 0, 0, 0, 0, 0, 0, 0, 0, 0, 0, 0, 0, 0, 0, 0, 0, 0, 0, 0, 0, 0, 0, 0, 0, 0, 0, 0, 0, 0, 0, 0, 0, 0, 0, 0, 0, 0, 0, 0, 0, 0, 0, 0, 0, 0, 0, 0, 0, 0, 0, 0, 0, 0, 0, 0, 0, 0, 0, 0, 0, 0, 0, 0, 0, 0, 0, 0, 0, 0, 0, 0, 0, 0, 0, 0, 0, 0, 0, 0, 0, 0, 0, 0, 0, 0, 0, 0, 0, 0, 0, 0, 0, 0, 0, 0, 0, 0, 0, 0, 0, 0, 0, 0, 0, 0, 0, 0, 0, 0, 0, 0, 0, 0, 0, 0, 0, 0, 0, 0, 0, 0, 0, 0, 0, 0, 0, 0, 0, 0, 0, 0, 0, 0, 0, 0, 0, 0, 0, 0, 0, 0, 0, 0, 0, 0, 0, 0, 0, 0, 0, 0, 0, 0, 0, 0, 0, 0, 0, 0, 0, 0, 0, 0, 0, 0, 0, 0, 0, 0, 0, 0, 0, 0, 0, 0, 0, 0]
OpenGL_wall_ms=[8.2886, 8.2101, 8.1878, 8.2166, 8.2293, 8.2971, 8.3234, 8.3154, 8.3687, 8.2406, 8.244, 8.1652, 8.2358, 8.3217, 8.1779, 8.1498]
RTX_wall_ms=[3.2132, 3.1746, 3.1884, 3.1661, 3.1775, 3.1627, 3.1882, 3.16, 3.1895, 3.1926, 3.2068, 3.1661, 3.1867, 3.1779, 3.1888, 3.1893]
RTX_Vulkan_gpu_ms=[2.691328, 2.671456, 2.67792, 2.679968, 2.680256, 2.679584, 2.684704, 2.674528, 2.678368, 2.692896, 2.693504, 2.677568, 2.684416, 2.684448, 2.676672, 2.691936]
OpenGL_GLtimeline_ms=[8.166912, 8.0992, 8.078912, 8.122784, 8.1184, 8.193088, 8.231264, 8.223712, 8.247808, 8.137312, 8.1392, 8.064384, 8.122816, 8.19456, 8.067104, 8.0592]
RTX_GLtimeline_ms=[3.025024, 3.002368, 3.020224, 3.021856, 3.022912, 3.015936, 3.027136, 3.017696, 3.016896, 3.031136, 3.028928, 3.007456, 3.019648, 3.0176, 3.026144, 3.035104]
