scene=Streaming terrain | 6261506 triangles | 0 queued chunks; mesh=true; streamedReference=true; entities=true; coverage=true; clouds=true; distant=true; faceLight=true; smoothLight=true; origin=BlockPos{x=-32, y=254, z=-33}
quality=AA=2x, scale=0.5, lensing=true, fine=false, adaptive=true, fastBounds=true, fastFetch=true, emptyCells=true, emptyReach=1024.0, angularCap=0.08, curveFactor=4.0, program=native-quads-selective-16.0; separateMoving=true; profileExperiment=0
width=1280 height=720 camera=(16.5, 303.6199998855591, -45.5) yaw=0.281 pitch=35.91
RGB_mean_abs_255=4.58984375E-4 RGB_RMSE_255=0.047197961496704965 changedPixels=474 pixelsMaxErrorAbove16=3
maxChannelErrorHistogram=[921126, 406, 26, 10, 13, 7, 0, 0, 0, 3, 1, 0, 0, 0, 0, 0, 5, 0, 3, 0, 0, 0, 0, 0, 0, 0, 0, 0, 0, 0, 0, 0, 0, 0, 0, 0, 0, 0, 0, 0, 0, 0, 0, 0, 0, 0, 0, 0, 0, 0, 0, 0, 0, 0, 0, 0, 0, 0, 0, 0, 0, 0, 0, 0, 0, 0, 0, 0, 0, 0, 0, 0, 0, 0, 0, 0, 0, 0, 0, 0, 0, 0, 0, 0, 0, 0, 0, 0, 0, 0, 0, 0, 0, 0, 0, 0, 0, 0, 0, 0, 0, 0, 0, 0, 0, 0, 0, 0, 0, 0, 0, 0, 0, 0, 0, 0, 0, 0, 0, 0, 0, 0, 0, 0, 0, 0, 0, 0, 0, 0, 0, 0, 0, 0, 0, 0, 0, 0, 0, 0, 0, 0, 0, 0, 0, 0, 0, 0, 0, 0, 0, 0, 0, 0, 0, 0, 0, 0, 0, 0, 0, 0, 0, 0, 0, 0, 0, 0, 0, 0, 0, 0, 0, 0, 0, 0, 0, 0, 0, 0, 0, 0, 0, 0, 0, 0, 0, 0, 0, 0, 0, 0, 0, 0, 0, 0, 0, 0, 0, 0, 0, 0, 0, 0, 0, 0, 0, 0, 0, 0, 0, 0, 0, 0, 0, 0, 0, 0, 0, 0, 0, 0, 0, 0, 0, 0, 0, 0, 0, 0, 0, 0, 0, 0, 0, 0, 0, 0, 0, 0, 0, 0, 0, 0, 0, 0, 0, 0, 0, 0, 0, 0, 0, 0, 0, 0]
OpenGL_wall_ms=[9.3107, 10.5085, 9.5084, 10.4505, 10.4795, 10.3128, 10.6878, 9.9473, 10.0851, 10.1062, 10.1849, 9.3596, 10.1763, 9.9619, 9.76, 11.0377]
RTX_wall_ms=[2.0417, 1.755, 1.8099, 1.7926, 1.8889, 1.9218, 1.813, 1.8064, 1.8235, 1.7863, 1.6725, 1.7873, 1.8184, 1.7872, 2.0147, 1.6496]
RTX_Vulkan_gpu_ms=[1.03488, 1.007552, 1.016224, 1.017952, 1.034048, 1.015552, 1.013184, 1.017088, 1.00864, 1.00304, 1.026272, 1.0136, 1.010368, 1.017216, 1.0168, 1.014624]
OpenGL_GLtimeline_ms=[9.001568, 10.21648, 9.164192, 10.163552, 9.974368, 10.112192, 10.472832, 9.782752, 9.765568, 9.809312, 9.871072, 9.058592, 9.86752, 9.660256, 9.443072, 10.749728]
RTX_GLtimeline_ms=[0.393824, 0.328608, 0.26496, 0.26768, 0.345984, 0.434048, 0.3112, 0.264384, 0.268224, 0.27296, 0.271296, 0.265312, 0.270496, 0.267328, 0.271584, 0.266432]
