scene=Streaming terrain | 82312 triangles | 0 queued chunks; mesh=true; streamedReference=false; entities=true; coverage=true; clouds=true; distant=true; faceLight=true; smoothLight=true; origin=BlockPos{x=-40, y=48, z=-40}
quality=AA=2x, scale=0.5, lensing=true, fine=false, adaptive=true, fastBounds=true, fastFetch=true, emptyCells=true, emptyReach=1024.0, angularCap=0.08, curveFactor=4.0, program=native-ellis-wormhole-quads
width=2560 height=1440 camera=(1032.0, 111.99999988079071, 488.0) yaw=0.0 pitch=0.0
RGB_mean_abs_255=0.00979835792824074 RGB_RMSE_255=0.4619959011437343 changedPixels=15603 pixelsMaxErrorAbove16=599
maxChannelErrorHistogram=[3670797, 10394, 1496, 1013, 583, 448, 192, 147, 111, 120, 70, 89, 65, 52, 68, 61, 95, 85, 52, 63, 21, 16, 9, 8, 12, 37, 3, 3, 4, 1, 0, 2, 0, 0, 10, 2, 22, 7, 4, 3, 1, 3, 5, 4, 6, 5, 1, 4, 4, 3, 3, 4, 5, 10, 2, 1, 4, 2, 5, 15, 12, 7, 18, 3, 9, 12, 3, 18, 0, 3, 0, 12, 4, 7, 8, 4, 1, 0, 0, 0, 0, 2, 1, 0, 0, 0, 1, 0, 0, 0, 0, 2, 1, 1, 4, 3, 12, 0, 0, 0, 0, 0, 0, 0, 0, 0, 0, 0, 0, 0, 0, 0, 0, 0, 0, 0, 0, 0, 0, 0, 0, 0, 0, 0, 0, 0, 0, 0, 0, 0, 0, 0, 0, 0, 0, 0, 0, 0, 0, 0, 0, 0, 0, 0, 0, 0, 0, 0, 0, 0, 0, 0, 0, 0, 0, 0, 0, 0, 0, 0, 0, 0, 0, 0, 0, 0, 0, 0, 0, 0, 0, 0, 0, 0, 0, 0, 0, 0, 0, 0, 0, 0, 0, 0, 0, 0, 0, 0, 0, 0, 0, 0, 0, 0, 0, 0, 0, 0, 0, 0, 0, 0, 0, 0, 0, 0, 0, 0, 0, 0, 0, 0, 0, 0, 0, 0, 0, 0, 0, 0, 0, 0, 0, 0, 0, 0, 0, 0, 0, 0, 0, 0, 0, 0, 0, 0, 0, 0, 0, 0, 0, 0, 0, 0, 0, 0, 0, 0, 0, 0, 0, 0, 0, 0, 0, 0]
OpenGL_wall_ms=[41.3054, 41.0758, 40.9517, 41.2362, 41.2528, 41.2423, 42.5331, 42.676, 40.7607, 42.3915, 41.1672, 42.2517, 41.366, 41.6236, 42.5795, 41.6529]
RTX_wall_ms=[9.2235, 9.1434, 9.1987, 9.2408, 9.2746, 9.2006, 9.264, 9.2046, 9.2245, 9.2134, 9.2449, 9.2057, 9.1943, 9.1835, 9.1697, 9.2731]
RTX_Vulkan_gpu_ms=[8.679392, 8.642592, 8.677344, 8.735936, 8.73984, 8.694048, 8.7008, 8.687936, 8.694592, 8.676736, 8.712512, 8.694464, 8.645952, 8.674144, 8.655968, 8.772416]
OpenGL_GLtimeline_ms=[41.180576, 40.965376, 40.83072, 41.132512, 41.141856, 41.125344, 42.408416, 42.535424, 40.644384, 42.2888, 41.043296, 42.140224, 41.249088, 41.515392, 42.456576, 41.543136]
RTX_GLtimeline_ms=[9.026432, 8.982624, 9.016032, 9.073024, 9.086048, 9.032928, 9.043296, 9.033088, 9.030688, 9.0136, 9.056256, 9.035456, 9.007808, 9.012544, 8.991744, 9.112928]
